nexoclom2/data/gvalues/Al.ecsv
# %ECSV 1.0
# ---
# datatype:
# - {name: velocity, unit: km / s, datatype: float64}
# - {name: '3945.12', unit: 1 / s, datatype: float64}
# - {name: '3962.64', unit: 1 / s, datatype: float64}
# meta: !!omap
# - wavelengths: !!python/tuple
#   - !astropy.units.Quantity
#     unit: &id001 !astropy.units.Unit {unit: Angstrom}
#     value: 3945.12
#   - !astropy.units.Quantity
#     unit: *id001
#     value: 3962.64
# - __serialized_columns__:
#     '3945.12':
#       __class__: astropy.units.quantity.Quantity
#       unit: !astropy.units.Unit {unit: 1 / s}
#       value: !astropy.table.SerializedColumn {name: '3945.12'}
#     '3962.64':
#       __class__: astropy.units.quantity.Quantity
#       unit: !astropy.units.Unit {unit: 1 / s}
#       value: !astropy.table.SerializedColumn {name: '3962.64'}
#     velocity:
#       __class__: astropy.units.quantity.Quantity
#       unit: !astropy.units.Unit {unit: km / s}
#       value: !astropy.table.SerializedColumn {name: velocity}
# schema: astropy-2.0
velocity 3945.12 3962.64
[from data line 672]
17.2 1.254705 2.235011
17.3 1.265405 2.243014
17.4 1.276106 2.251017
17.5 1.286681 2.258923
17.6 1.296454 2.26682
17.7 1.306228 2.274718
17.8 1.316002 2.282616
17.9 1.325776 2.290513
18.0 1.335549 2.298411
18.1 1.345323 2.306308
18.2 1.355097 2.314206
18.3 1.364275 2.322103
18.4 1.372921 2.33
18.5 1.381568 2.337898
18.6 1.390214 2.345795
18.7 1.398861 2.353693
18.8 1.407508 2.36159
18.9 1.416154 2.369487
19.0 1.424645 2.377385
19.1 1.431846 2.385282
19.2 1.439047 2.393179
19.3 1.446247 2.401076
19.4 1.453448 2.408973
19.5 1.460648 2.41687
19.6 1.467849 2.424767
19.7 1.47505 2.432594
19.8 1.481709 2.440149
19.9 1.487829 2.447703
20.0 1.493949 2.455258
20.1 1.500069 2.462812
20.2 1.506188 2.470367
20.3 1.512308 2.477921
20.4 1.518428 2.485476
20.5 1.524548 2.492106
20.6 1.529794 2.498528
20.7 1.534936 2.50495
20.8 1.540078 2.511371
20.9 1.54522 2.517793
21.0 1.550362 2.524215
21.1 1.555504 2.530637
21.2 1.560646 2.536701
21.3 1.565596 2.541647
21.4 1.570069 2.546594
21.5 1.574542 2.551541
21.6 1.579015 2.556488
21.7 1.583488 2.561434
21.8 1.587962 2.566381
21.9 1.592435 2.571328
22.0 1.596908 2.57437
22.1 1.601101 2.576472
22.2 1.605162 2.578574
22.3 1.609223 2.580676
22.4 1.613285 2.582778
22.5 1.617346 2.58488
22.6 1.621408 2.586983
22.7 1.625469 2.588637
22.8 1.6295 2.586104
22.9 1.63315 2.583571
23.0 1.636799 2.581038
23.1 1.640449 2.578505
23.2 1.644099 2.575972
23.3 1.647749 2.573439
23.4 1.651398 2.570906
23.5 1.655048 2.564402
23.6 1.658505 2.554283
23.7 1.661743 2.544165
23.8 1.664981 2.534047
23.9 1.668219 2.523929
24.0 1.671457 2.513811
24.1 1.674695 2.503693
24.2 1.677933 2.493575
24.3 1.681171 2.473745
24.4 1.684055 2.453409
24.5 1.686881 2.433073
24.6 1.689707 2.412738
24.7 1.692534 2.392402
24.8 1.69536 2.372066
24.9 1.698186 2.35173
25.0 1.701013 2.327577
25.1 1.703643 2.297129
25.2 1.705697 2.26668
25.3 1.707752 2.236232
25.4 1.709806 2.205784
25.5 1.711861 2.175336
25.6 1.713915 2.144887
25.7 1.71597 2.114439
25.8 1.718024 2.079162
25.9 1.719346 2.04271
26.0 1.720269 2.006258
26.1 1.721192 1.969806
26.2 1.722115 1.933355
26.3 1.723037 1.896903
26.4 1.72396 1.860451
26.5 1.724883 1.825194
26.6 1.725726 1.793905
26.7 1.724694 1.762615
26.8 1.723661 1.731326
26.9 1.722629 1.700037
27.0 1.721597 1.668748
27.1 1.720564 1.637459
27.2 1.719532 1.60617
27.3 1.7185 1.584867
27.4 1.71624 1.568747
27.5 1.712378 1.552627
27.6 1.708516 1.536508
27.7 1.704655 1.520388
27.8 1.700793 1.504268
27.9 1.696932 1.488149
28.0 1.69307 1.473888
28.1 1.689208 1.479573
28.2 1.682368 1.485258
28.3 1.674905 1.490944
28.4 1.667442 1.496629
28.5 1.65998 1.502315
28.6 1.652517 1.508
28.7 1.645055 1.513685
28.8 1.637592 1.530269
28.9 1.62921 1.557232
29.0 1.617581 1.584195
29.1 1.605952 1.611157
29.2 1.594322 1.63812
29.3 1.582693 1.665083
29.4 1.571064 1.692046
29.5 1.559435 1.719009
29.6 1.547806 1.759523
29.7 1.534029 1.800916
29.8 1.518902 1.842309
29.9 1.503775 1.883702
30.0 1.488649 1.925095
30.1 1.473522 1.966487
30.2 1.458395 2.00788
30.3 1.443268 2.051509
30.4 1.428137 2.09901
30.5 1.412496 2.14651
30.6 1.396856 2.194011
30.7 1.381215 2.241512
30.8 1.365574 2.289013
30.9 1.349933 2.336513
31.0 1.334292 2.384014
31.1 1.318651 2.429509
31.2 1.304659 2.474481
31.3 1.293134 2.519452
31.4 1.281609 2.564424
31.5 1.270083 2.609395
31.6 1.258558 2.654367
31.7 1.247033 2.699339
31.8 1.235508 2.742734
31.9 1.223983 2.780542
32.0 1.21891 2.81835
32.1 1.215513 2.856158
32.2 1.212115 2.893966
32.3 1.208718 2.931774
32.4 1.20532 2.969581
32.5 1.201923 3.007389
32.6 1.198526 3.038724
32.7 1.196814 3.066524
32.8 1.202418 3.094325
32.9 1.208023 3.122126
33.0 1.213627 3.149927
33.1 1.219232 3.177728
33.2 1.224836 3.205528
33.3 1.230441 3.232645
33.4 1.236045 3.251176
33.5 1.245203 3.269707
33.6 1.256929 3.288239
33.7 1.268654 3.30677
33.8 1.28038 3.325301
33.9 1.292105 3.343833
34.0 1.303831 3.362364
34.1 1.315556 3.376939
34.2 1.327281 3.38757
34.3 1.339758 3.398202
34.4 1.352255 3.408833
34.5 1.364751 3.419464
34.6 1.377248 3.430096
34.7 1.389745 3.440727
34.8 1.402241 3.451358
34.9 1.414738 3.455638
35.0 1.425894 3.459423
35.1 1.434738 3.463209
35.2 1.443582 3.466994
35.3 1.452426 3.470779
35.4 1.461271 3.474564
35.5 1.470115 3.478349
35.6 1.478959 3.480192
35.7 1.487804 3.478501
35.8 1.492462 3.476809
35.9 1.495803 3.475118
36.0 1.499143 3.473427
36.1 1.502484 3.471735
36.2 1.505824 3.470044
36.3 1.509165 3.468353
36.4 1.512505 3.463121
36.5 1.515149 3.456901
36.6 1.513963 3.45068
36.7 1.512777 3.44446
36.8 1.511591 3.438239
36.9 1.510405 3.432019
37.0 1.509219 3.425798
37.1 1.508033 3.419248
37.2 1.506847 3.411448
37.3 1.504607 3.403648
37.4 1.501493 3.395848
37.5 1.49838 3.388048
37.6 1.495267 3.380248
37.7 1.492153 3.372448
37.8 1.48904 3.364648
37.9 1.485926 3.358187
38.0 1.482952 3.352494
38.1 1.480943 3.346801
38.2 1.478934 3.341107
38.3 1.476926 3.335414
38.4 1.474917 3.32972
38.5 1.472908 3.324027
38.6 1.470899 3.318703
38.7 1.468891 3.318912
38.8 1.468671 3.319122
38.9 1.470108 3.319332
39.0 1.471546 3.319541
39.1 1.472983 3.319751
39.2 1.47442 3.31996
39.3 1.475857 3.32017
39.4 1.477295 3.325772
39.5 1.478732 3.33398
39.6 1.484863 3.342189
39.7 1.491443 3.350397
39.8 1.498024 3.358605
39.9 1.504604 3.366814
40.0 1.511184 3.375022
40.1 1.517765 3.383912
40.2 1.524345 3.39886
40.3 1.532436 3.413808
40.4 1.543953 3.428756
40.5 1.555471 3.443704
40.6 1.566989 3.458652
40.7 1.578506 3.4736
40.8 1.590024 3.488548
40.9 1.601541 3.504942
41.0 1.613059 3.522627
41.1 1.626554 3.540313
41.2 1.6409 3.557998
41.3 1.655246 3.575684
41.4 1.669592 3.593369
41.5 1.683938 3.611055
41.6 1.698284 3.62874
41.7 1.71263 3.644817
41.8 1.726937 3.660817
41.9 1.740872 3.676818
42.0 1.754806 3.692818
42.1 1.76874 3.708819
42.2 1.782674 3.724819
42.3 1.796608 3.74082
42.4 1.810542 3.75497
42.5 1.824476 3.766125
42.6 1.836611 3.777281
42.7 1.846842 3.788437
42.8 1.857073 3.799592
42.9 1.867304 3.810748
43.0 1.877535 3.821903
43.1 1.887766 3.833059
43.2 1.897997 3.839188
43.3 1.908228 3.844131
43.4 1.913394 3.849073
43.5 1.917864 3.854016
43.6 1.922335 3.858958
43.7 1.926805 3.863901
43.8 1.931275 3.868843
43.9 1.935746 3.872718
44.0 1.940216 3.873132
44.1 1.942682 3.873546
44.2 1.939799 3.873959
44.3 1.936915 3.874373
44.4 1.934031 3.874787
44.5 1.931148 3.875201
44.6 1.928264 3.875615
44.7 1.92538 3.875261
44.8 1.922497 3.874517
44.9 1.914066 3.873772
45.0 1.902851 3.873028
45.1 1.891637 3.872283
45.2 1.880422 3.871539
45.3 1.869207 3.870795
45.4 1.857992 3.870343
45.5 1.846777 3.872863
45.6 1.835 3.875384
45.7 1.814272 3.877904
45.8 1.793544 3.880424
45.9 1.772815 3.882945
46.0 1.752087 3.885465
46.1 1.731359 3.887985
46.2 1.710631 3.893117
46.3 1.689903 3.900691
46.4 1.664755 3.908266
46.5 1.634256 3.91584
46.6 1.603758 3.923414
46.7 1.57326 3.930988
46.8 1.542762 3.938562
46.9 1.512263 3.946137
47.0 1.481765 3.957288
47.1 1.451267 3.968652
47.2 1.415768 3.980017
47.3 1.379356 3.991382
47.4 1.342945 4.002747
47.5 1.306534 4.014111
47.6 1.270122 4.025476
47.7 1.233711 4.037114
47.8 1.1973 4.049216
47.9 1.161491 4.061318
48.0 1.127601 4.07342
48.1 1.09371 4.085522
48.2 1.05982 4.097625
48.3 1.02593 4.109727
48.4 0.9920392 4.121829
48.5 0.9581488 4.132922
48.6 0.9242585 4.14376
48.7 0.8979458 4.154598
48.8 0.8760379 4.165435
48.9 0.8541301 4.176273
49.0 0.8322222 4.18711
49.1 0.8103144 4.197948
49.2 0.7884065 4.208337
49.3 0.7664987 4.217174
49.4 0.7445908 4.226011
49.5 0.722683 4.234848
49.6 0.7007751 4.243685
49.7 0.6788673 4.252522
49.8 0.6569595 4.261359
49.9 0.6350516 4.270196
50.0 0.6131438 4.279033
