nexoclom2/data/gvalues/Al.ecsv
# %ECSV 1.0
# ---
# datatype:
# - {name: velocity, unit: km / s, datatype: float64}
# - {name: '3945.12', unit: 1 / s, datatype: float64}
# - {name: '3962.64', unit: 1 / s, datatype: float64}
# meta: !!omap
# - wavelengths: !!python/tuple
#   - !astropy.units.Quantity
#     unit: &id001 !astropy.units.Unit {unit: Angstrom}
#     value: 3945.12
#   - !astropy.units.Quantity
#     unit: *id001
#     value: 3962.64
# - __serialized_columns__:
#     '3945.12':
#       __class__: astropy.units.quantity.Quantity
#       unit: !astropy.units.Unit {unit: 1 / s}
#       value: !astropy.table.SerializedColumn {name: '3945.12'}
#     '3962.64':
#       __class__: astropy.units.quantity.Quantity
#       unit: !astropy.units.Unit {unit: 1 / s}
#       value: !astropy.table.SerializedColumn {name: '3962.64'}
#     velocity:
#       __class__: astropy.units.quantity.Quantity
#       unit: !astropy.units.Unit {unit: km / s}
#       value: !astropy.table.SerializedColumn {name: velocity}
# schema: astropy-2.0
velocity 3945.12 3962.64
-50.0 1.56953 2.246701
-49.9 1.591888 2.231172
-49.8 1.614245 2.220092
-49.7 1.636603 2.209011
-49.6 1.65896 2.197931
-49.5 1.681317 2.18685
-49.4 1.703675 2.17577
-49.3 1.725882 2.16469
-49.2 1.748085 2.153609
-49.1 1.770287 2.148335
-49.0 1.792489 2.144533
-48.9 1.814691 2.140732
-48.8 1.836894 2.13693
-48.7 1.859096 2.133129
-48.6 1.880315 2.129327
-48.5 1.899786 2.125526
-48.4 1.919257 2.123051
-48.3 1.938728 2.125157
-48.2 1.958199 2.127263
-48.1 1.97767 2.129368
-48.0 1.997141 2.131474
-47.9 2.016612 2.13358
-47.8 2.032783 2.135686
-47.7 2.047874 2.137792
-47.6 2.062965 2.142372
-47.5 2.078056 2.148275
-47.4 2.093147 2.154178
-47.3 2.108238 2.160081
-47.2 2.123329 2.165984
-47.1 2.137694 2.171887
-47.0 2.147839 2.177791
-46.9 2.157984 2.183826
-46.8 2.168129 2.191417
-46.7 2.178274 2.199008
-46.6 2.188419 2.206599
-46.5 2.198565 2.214189
-46.4 2.20871 2.22178
-46.3 2.21635 2.229371
-46.2 2.221858 2.236962
-46.1 2.227366 2.244232
-46.0 2.232875 2.25119
-45.9 2.238383 2.258148
-45.8 2.243891 2.265105
-45.7 2.249399 2.272063
-45.6 2.254907 2.279021
-45.5 2.257193 2.285978
-45.4 2.259249 2.292936
-45.3 2.261306 2.297238
-45.2 2.263362 2.301347
-45.1 2.265418 2.305457
-45.0 2.267474 2.309566
-44.9 2.269531 2.313676
-44.8 2.270779 2.317785
-44.7 2.270363 2.321895
-44.6 2.269946 2.324943
-44.5 2.26953 2.326099
-44.4 2.269113 2.327255
-44.3 2.268697 2.328411
-44.2 2.268281 2.329566
-44.1 2.267864 2.330722
-44.0 2.266335 2.331878
-43.9 2.264373 2.333034
-43.8 2.262411 2.334273
-43.7 2.260449 2.335534
-43.6 2.258487 2.336796
-43.5 2.256525 2.338057
-43.4 2.254563 2.339319
-43.3 2.252537 2.34058
-43.2 2.250008 2.341842
-43.1 2.247479 2.344273
-43.0 2.24495 2.351019
-42.9 2.242422 2.357765
-42.8 2.239893 2.364511
-42.7 2.237364 2.371257
-42.6 2.234835 2.378003
-42.5 2.232359 2.384749
-42.4 2.229933 2.391495
-42.3 2.227508 2.404588
-42.2 2.225082 2.421249
-42.1 2.222657 2.437909
-42.0 2.220231 2.45457
-41.9 2.217806 2.47123
-41.8 2.21538 2.487891
-41.7 2.213651 2.504551
-41.6 2.211998 2.5218
-41.5 2.210345 2.547214
-41.4 2.208693 2.572628
-41.3 2.20704 2.598042
-41.2 2.205387 2.623457
-41.1 2.203735 2.648871
-41.0 2.202278 2.674285
-40.9 2.201295 2.699699
-40.8 2.200312 2.726885
-40.7 2.199329 2.755885
-40.6 2.198346 2.784884
-40.5 2.197363 2.813884
-40.4 2.19638 2.842884
-40.3 2.195397 2.871883
-40.2 2.194803 2.900883
-40.1 2.194387 2.929883
-40.0 2.19397 2.956356
-39.9 2.193554 2.982612
-39.8 2.193138 3.008869
-39.7 2.192721 3.035125
-39.6 2.192305 3.061382
-39.5 2.191888 3.087638
-39.4 2.191472 3.113895
-39.3 2.191056 3.137802
-39.2 2.19064 3.157308
-39.1 2.190223 3.176814
-39.0 2.189807 3.19632
-38.9 2.189391 3.215825
-38.8 2.188975 3.235331
-38.7 2.188328 3.254837
-38.6 2.187426 3.274343
-38.5 2.186524 3.287963
-38.4 2.185622 3.299875
-38.3 2.18472 3.311787
-38.2 2.183818 3.323698
-38.1 2.182916 3.33561
-38.0 2.181981 3.347521
-37.9 2.180431 3.359433
-37.8 2.178882 3.369982
-37.7 2.177332 3.375143
-37.6 2.175783 3.380305
-37.5 2.174233 3.385467
-37.4 2.172684 3.390628
-37.3 2.171134 3.39579
-37.2 2.16924 3.400951
-37.1 2.166918 3.406113
-37.0 2.164596 3.408025
-36.9 2.162274 3.408018
-36.8 2.159952 3.408012
-36.7 2.15763 3.408006
-36.6 2.155308 3.407999
-36.5 2.152986 3.407993
-36.4 2.150102 3.407986
-36.3 2.147111 3.407194
-36.2 2.144119 3.403918
-36.1 2.141127 3.400642
-36.0 2.138136 3.397367
-35.9 2.135144 3.394091
-35.8 2.132152 3.390816
-35.7 2.129053 3.38754
-35.6 2.125598 3.384264
-35.5 2.122143 3.37944
-35.4 2.118688 3.373844
-35.3 2.115232 3.368249
-35.2 2.111777 3.362653
-35.1 2.108322 3.357057
-35.0 2.104867 3.351462
-34.9 2.101283 3.345866
-34.8 2.097622 3.340061
-34.7 2.093961 3.332251
-34.6 2.090299 3.324441
-34.5 2.086638 3.31663
-34.4 2.082977 3.30882
-34.3 2.079316 3.30101
-34.2 2.075652 3.2932
-34.1 2.071837 3.28539
-34.0 2.068021 3.276425
-33.9 2.064206 3.2664
-33.8 2.06039 3.256376
-33.7 2.056575 3.246351
-33.6 2.05276 3.236327
-33.5 2.048944 3.226302
-33.4 2.045086 3.216278
-33.3 2.041168 3.206253
-33.2 2.03725 3.193728
-33.1 2.033331 3.181068
-33.0 2.029413 3.168407
-32.9 2.025495 3.155746
-32.8 2.021576 3.143085
-32.7 2.017658 3.130425
-32.6 2.013615 3.117764
-32.5 2.009543 3.103916
-32.4 2.00547 3.088092
-32.3 2.001397 3.072268
-32.2 1.997324 3.056444
-32.1 1.993252 3.04062
-32.0 1.989179 3.024796
-31.9 1.984993 3.008972
-31.8 1.980354 2.993148
-31.7 1.975715 2.976225
-31.6 1.971076 2.95903
-31.5 1.966437 2.941836
-31.4 1.961798 2.924641
-31.3 1.957159 2.907447
-31.2 1.95252 2.890252
-31.1 1.947271 2.873058
-31.0 1.941602 2.856202
-30.9 1.935933 2.840484
-30.8 1.930264 2.824766
-30.7 1.924595 2.809049
-30.6 1.918925 2.793331
-30.5 1.913256 2.777613
-30.4 1.907587 2.761896
-30.3 1.9007 2.746178
-30.2 1.893795 2.734404
-30.1 1.88689 2.724698
-30.0 1.879985 2.714991
-29.9 1.87308 2.705285
-29.8 1.866174 2.695578
-29.7 1.859269 2.685872
-29.6 1.851896 2.676166
-29.5 1.843756 2.667089
-29.4 1.835615 2.664976
-29.3 1.827474 2.662862
-29.2 1.819334 2.660748
-29.1 1.811193 2.658634
-29.0 1.803052 2.65652
-28.9 1.794912 2.654406
-28.8 1.786334 2.652292
-28.7 1.777627 2.653297
-28.6 1.768919 2.657299
-28.5 1.760212 2.661301
-28.4 1.751505 2.665303
-28.3 1.742798 2.669305
-28.2 1.734091 2.673307
-28.1 1.725537 2.67731
-28.0 1.717757 2.681312
-27.9 1.709977 2.687191
-27.8 1.702198 2.693196
-27.7 1.694418 2.699202
-27.6 1.686638 2.705207
-27.5 1.678858 2.711213
-27.4 1.671079 2.717218
-27.3 1.664565 2.723224
-27.2 1.659051 2.728692
-27.1 1.653537 2.733221
-27.0 1.648024 2.73775
-26.9 1.64251 2.742279
-26.8 1.636997 2.746808
-26.7 1.631483 2.751337
-26.6 1.625969 2.755866
-26.5 1.623348 2.760395
-26.4 1.620873 2.762089
-26.3 1.618398 2.763033
-26.2 1.615923 2.763976
-26.1 1.613448 2.76492
-26.0 1.610973 2.765864
-25.9 1.608498 2.766808
-25.8 1.606876 2.767752
-25.7 1.606873 2.767938
-25.6 1.60687 2.765402
-25.5 1.606867 2.762867
-25.4 1.606864 2.760331
-25.3 1.60686 2.757795
-25.2 1.606857 2.755259
-25.1 1.606854 2.752724
-25.0 1.607421 2.750188
-24.9 1.608191 2.746089
-24.8 1.60896 2.741128
-24.7 1.609729 2.736167
-24.6 1.610499 2.731206
-24.5 1.611268 2.726245
-24.4 1.612037 2.721284
-24.3 1.612711 2.716323
-24.2 1.61276 2.711234
-24.1 1.612808 2.704481
-24.0 1.612856 2.697728
-23.9 1.612905 2.690975
-23.8 1.612953 2.684222
-23.7 1.613002 2.677469
-23.6 1.61305 2.670716
-23.5 1.612395 2.663963
-23.4 1.611105 2.656789
-23.3 1.609814 2.649193
-23.2 1.608524 2.641596
-23.1 1.607233 2.634
-23.0 1.605943 2.626403
-22.9 1.604652 2.618807
-22.8 1.603362 2.61121
-22.7 1.6007 2.603614
-22.6 1.597916 2.595627
-22.5 1.595132 2.587609
-22.4 1.592348 2.579591
-22.3 1.589564 2.571573
-22.2 1.586781 2.563555
-22.1 1.583997 2.555537
-22.0 1.580747 2.547519
-21.9 1.57647 2.539427
-21.8 1.572193 2.531199
-21.7 1.567916 2.52297
-21.6 1.563639 2.514741
-21.5 1.559362 2.506513
-21.4 1.555085 2.498284
-21.3 1.550808 2.490056
-21.2 1.545769 2.481827
-21.1 1.540411 2.473517
-21.0 1.535052 2.465183
-20.9 1.529694 2.456849
-20.8 1.524336 2.448515
-20.7 1.518977 2.440181
-20.6 1.513619 2.431847
-20.5 1.508164 2.423514
-20.4 1.501828 2.41518
-20.3 1.495492 2.406846
-20.2 1.489155 2.398513
-20.1 1.482819 2.390179
-20.0 1.476482 2.381846
-19.9 1.470146 2.373512
-19.8 1.463809 2.365179
-19.7 1.457058 2.356845
-19.6 1.449877 2.348512
-19.5 1.442696 2.340178
-19.4 1.435515 2.331845
-19.3 1.428335 2.323512
-19.2 1.421154 2.315178
-19.1 1.413973 2.306845
-19.0 1.406757 2.298511
-18.9 1.399083 2.290172
-18.8 1.391408 2.281733
-18.7 1.383733 2.273295
-18.6 1.376058 2.264856
-18.5 1.368383 2.256418
-18.4 1.360708 2.247979
-18.3 1.353034 2.239541
-18.2 1.344977 2.231102
-18.1 1.336478 2.222561
-18.0 1.32798 2.213912
-17.9 1.319481 2.205263
-17.8 1.310983 2.196614
-17.7 1.302485 2.187965
-17.6 1.293986 2.179315
-17.5 1.285488 2.170666
-17.4 1.276239 2.162038
-17.3 1.266866 2.1536
-17.2 1.257492 2.145162
-17.1 1.248119 2.136724
-17.0 1.238745 2.128286
-16.9 1.229372 2.119847
-16.8 1.219998 2.111409
-16.7 1.210444 2.102971
-16.6 1.20035 2.094644
-16.5 1.190256 2.086417
-16.4 1.180162 2.07819
-16.3 1.170068 2.069963
-16.2 1.159974 2.061736
-16.1 1.14988 2.053509
-16.0 1.139786 2.045283
-15.9 1.129758 2.037056
-15.8 1.119767 2.028628
-15.7 1.109777 2.02019
-15.6 1.099786 2.011753
-15.5 1.089795 2.003315
-15.4 1.079804 1.994878
-15.3 1.069813 1.98644
-15.2 1.059846 1.978003
-15.1 1.050473 1.969685
-15.0 1.0411 1.961564
-14.9 1.031728 1.953443
-14.8 1.022355 1.945322
-14.7 1.012982 1.937201
-14.6 1.00361 1.92908
-14.5 0.9942371 1.920959
-14.4 0.9854409 1.912837
-14.3 0.9774071 1.904802
-14.2 0.9693734 1.896786
-14.1 0.9613396 1.888771
-14.0 0.9533059 1.880755
-13.9 0.9452722 1.87274
-13.8 0.9372384 1.864725
-13.7 0.9292047 1.856709
-13.6 0.9225284 1.848768
-13.5 0.9161424 1.841069
-13.4 0.9097564 1.83337
-13.3 0.9033704 1.825671
-13.2 0.8969844 1.817972
-13.1 0.8905984 1.810273
-13.0 0.8842124 1.802574
-12.9 0.8781618 1.794875
-12.8 0.8733206 1.787176
-12.7 0.8684793 1.779477
-12.6 0.8636381 1.771779
-12.5 0.8587968 1.76408
-12.4 0.8539556 1.756381
-12.3 0.8491143 1.748682
-12.2 0.8442731 1.740984
-12.1 0.8398091 1.733276
-12.0 0.8355858 1.725472
-11.9 0.8313625 1.717668
-11.8 0.8271392 1.709864
-11.7 0.8229159 1.70206
-11.6 0.8186926 1.694256
-11.5 0.8144693 1.686452
-11.4 0.8102453 1.678648
-11.3 0.8058161 1.670681
-11.2 0.801387 1.662562
-11.1 0.7969579 1.654442
-11.0 0.7925288 1.646322
-10.9 0.7880997 1.638202
-10.8 0.7836706 1.630082
-10.7 0.7792414 1.621962
-10.6 0.7746897 1.613842
-10.5 0.7699519 1.605226
-10.4 0.765214 1.59658
-10.3 0.7604762 1.587933
-10.2 0.7557383 1.579286
-10.1 0.7510005 1.570639
-10.0 0.7462626 1.561992
-9.9 0.7415248 1.553346
-9.8 0.7367056 1.544388
-9.7 0.7318649 1.534898
-9.6 0.7270243 1.525409
-9.5 0.7221836 1.515919
-9.4 0.7173429 1.506429
-9.3 0.7125022 1.496939
-9.2 0.7076615 1.487449
-9.1 0.7028398 1.477959
-9.0 0.6981022 1.466961
-8.9 0.6933646 1.455574
-8.8 0.688627 1.444187
-8.7 0.6838894 1.4328
-8.6 0.6791518 1.421413
-8.5 0.6744142 1.410026
-8.4 0.6696766 1.398639
-8.3 0.66485 1.386784
-8.2 0.6599581 1.373289
-8.1 0.6550662 1.359794
-8.0 0.6501743 1.3463
-7.9 0.6452824 1.332805
-7.8 0.6403905 1.31931
-7.7 0.6354986 1.305815
-7.6 0.6306067 1.292321
-7.5 0.6243662 1.276431
-7.4 0.6180846 1.259247
-7.3 0.6118029 1.242064
-7.2 0.6055212 1.22488
-7.1 0.5992395 1.207697
-7.0 0.5929578 1.190513
-6.9 0.5866761 1.173329
-6.8 0.5795521 1.155873
-6.7 0.570954 1.135106
-6.6 0.562356 1.114339
-6.5 0.553758 1.093572
-6.4 0.54516 1.072806
-6.3 0.5365619 1.052039
-6.2 0.5279639 1.031272
-6.1 0.5193659 1.010505
-6.0 0.5090535 0.9883599
-5.9 0.4981907 0.9648531
-5.8 0.4873279 0.9413463
-5.7 0.4764651 0.9178395
-5.6 0.4656024 0.8943328
-5.5 0.4547396 0.870826
-5.4 0.4438768 0.8473192
-5.3 0.4329212 0.8238125
-5.2 0.4214411 0.8006005
-5.1 0.4099609 0.7774106
-5.0 0.3984807 0.7542208
-4.9 0.3870005 0.7310309
-4.8 0.3755204 0.7078411
-4.7 0.3640402 0.6846512
-4.6 0.35256 0.6614614
-4.5 0.3417516 0.6392878
-4.4 0.3315072 0.6189444
-4.3 0.3212628 0.5986009
-4.2 0.3110184 0.5782575
-4.1 0.300774 0.5579141
-4.0 0.2905296 0.5375706
-3.9 0.2802852 0.5172272
-3.8 0.2700408 0.4968838
-3.7 0.2622082 0.4810029
-3.6 0.2545378 0.4663516
-3.5 0.2468675 0.4517003
-3.4 0.2391971 0.437049
-3.3 0.2315268 0.4223977
-3.2 0.2238565 0.4077464
-3.1 0.2161861 0.3930951
-3.0 0.2093828 0.3796222
-2.9 0.2043379 0.3705573
-2.8 0.199293 0.3614924
-2.7 0.194248 0.3524276
-2.6 0.1892031 0.3433627
-2.5 0.1841582 0.3342978
-2.4 0.1791132 0.3252329
-2.3 0.1740683 0.3161681
-2.2 0.170774 0.3101287
-2.1 0.1681485 0.3058069
-2.0 0.165523 0.3014851
-1.9 0.1628975 0.2971633
-1.8 0.160272 0.2928415
-1.7 0.1576465 0.2885197
-1.6 0.155021 0.2841979
-1.5 0.1526242 0.280088
-1.4 0.1519548 0.2790335
-1.3 0.1512853 0.277979
-1.2 0.1506159 0.2769246
-1.1 0.1499464 0.2758701
-1.0 0.149277 0.2748156
-0.9 0.1486075 0.2737612
-0.8 0.1479381 0.2727067
-0.7 0.1482561 0.2731553
-0.6 0.149522 0.2751573
-0.5 0.1507879 0.2771593
-0.4 0.1520538 0.2791612
-0.3 0.1533198 0.2811632
-0.2 0.1545857 0.2831651
-0.1 0.1558516 0.2851671
0.0 0.1573073 0.2871691
0.1 0.1607041 0.2925599
0.2 0.164101 0.2982504
0.3 0.1674978 0.303941
0.4 0.1708946 0.3096316
0.5 0.1742914 0.3153222
0.6 0.1776882 0.3210128
0.7 0.181085 0.3267034
0.8 0.1857977 0.3341981
0.9 0.1919223 0.345108
1.0 0.198047 0.3560179
1.1 0.2041716 0.3669277
1.2 0.2102963 0.3778376
1.3 0.2164209 0.3887474
1.4 0.2225456 0.3996573
1.5 0.2286702 0.4105672
1.6 0.2373638 0.4268719
1.7 0.2464221 0.443417
1.8 0.2554804 0.4599621
1.9 0.2645387 0.4765073
2.0 0.2735969 0.4930524
2.1 0.2826552 0.5095976
2.2 0.2917135 0.5261427
2.3 0.3013671 0.5447531
2.4 0.3126382 0.5666726
2.5 0.3239094 0.588592
2.6 0.3351806 0.6105115
2.7 0.3464518 0.6324309
2.8 0.3577229 0.6543504
2.9 0.3689941 0.6762698
3.0 0.3802653 0.6981893
3.1 0.3920135 0.721989
3.2 0.4040049 0.7462263
3.3 0.4159963 0.7704636
3.4 0.4279877 0.7947008
3.5 0.4399791 0.8189381
3.6 0.4519706 0.8431754
3.7 0.463962 0.8674127
3.8 0.4759104 0.8915243
3.9 0.4871294 0.915234
4.0 0.4983484 0.9389437
4.1 0.5095675 0.9626534
4.2 0.5207865 0.9863631
4.3 0.5320055 1.010073
4.4 0.5432245 1.033783
4.5 0.5544435 1.057492
4.6 0.5648075 1.079029
4.7 0.5741219 1.099471
4.8 0.5834363 1.119913
4.9 0.5927507 1.140355
5.0 0.6020652 1.160797
5.1 0.6113796 1.181239
5.2 0.620694 1.201681
5.3 0.6300085 1.221765
5.4 0.6377188 1.238307
5.5 0.6451287 1.25485
5.6 0.6525386 1.271392
5.7 0.6599485 1.287934
5.8 0.6673585 1.304477
5.9 0.6747684 1.321019
6.0 0.6821783 1.337562
6.1 0.6892365 1.352081
6.2 0.6951537 1.364724
6.3 0.7010709 1.377367
6.4 0.7069881 1.39001
6.5 0.7129052 1.402653
6.6 0.7188224 1.415296
6.7 0.7247396 1.427939
6.8 0.7306568 1.440582
6.9 0.7358618 1.450633
7.0 0.7406466 1.460535
7.1 0.7454313 1.470438
7.2 0.7502161 1.480341
7.3 0.7550009 1.490244
7.4 0.7597857 1.500147
7.5 0.7645705 1.510049
7.6 0.7693358 1.519402
7.7 0.7732456 1.527829
7.8 0.7771553 1.536257
7.9 0.7810651 1.544684
8.0 0.7849748 1.553111
8.1 0.7888846 1.561539
8.2 0.7927943 1.569966
8.3 0.7967041 1.578393
8.4 0.8002075 1.586146
8.5 0.8031393 1.59373
8.6 0.8060712 1.601314
8.7 0.809003 1.608898
8.8 0.8119349 1.616482
8.9 0.8148667 1.624066
9.0 0.8177986 1.63165
9.1 0.8207304 1.639115
9.2 0.822788 1.646172
9.3 0.8246391 1.653228
9.4 0.8264901 1.660285
9.5 0.8283411 1.667342
9.6 0.8301922 1.674399
9.7 0.8320432 1.681456
9.8 0.8338943 1.688513
9.9 0.8355684 1.695501
10.0 0.8365446 1.702453
10.1 0.8375207 1.709404
10.2 0.8384968 1.716355
10.3 0.839473 1.723307
10.4 0.8404491 1.730258
10.5 0.8414253 1.73721
10.6 0.8424014 1.744144
10.7 0.8433163 1.750884
10.8 0.8441895 1.757625
10.9 0.8450627 1.764365
11.0 0.845936 1.771106
11.1 0.8468092 1.777846
11.2 0.8476824 1.784587
11.3 0.8485557 1.791327
11.4 0.8494289 1.798228
11.5 0.8508618 1.805284
11.6 0.852301 1.812341
11.7 0.8537402 1.819397
11.8 0.8551794 1.826454
11.9 0.8566186 1.83351
12.0 0.8580578 1.840566
12.1 0.859497 1.847623
12.2 0.8614868 1.854778
12.3 0.8643669 1.861939
12.4 0.8672469 1.869101
12.5 0.870127 1.876262
12.6 0.8730071 1.883424
12.7 0.8758871 1.890585
12.8 0.8787672 1.897747
12.9 0.8816473 1.904984
13.0 0.8862032 1.912356
13.1 0.8912444 1.919729
13.2 0.8962856 1.927101
13.3 0.9013267 1.934473
13.4 0.9063679 1.941845
13.5 0.9114091 1.949217
13.6 0.9164503 1.956589
13.7 0.9218389 1.963961
13.8 0.9289383 1.971333
13.9 0.9360377 1.978705
14.0 0.9431371 1.986076
14.1 0.9502365 1.993448
14.2 0.9573359 2.00082
14.3 0.9644353 2.008192
14.4 0.9715347 2.015609
14.5 0.9796463 2.023191
14.6 0.9885464 2.030774
14.7 0.9974466 2.038356
14.8 1.006347 2.045939
14.9 1.015247 2.053521
15.0 1.024147 2.061103
15.1 1.033047 2.068686
15.2 1.041947 2.076336
15.3 1.052224 2.084023
15.4 1.062564 2.091711
15.5 1.072905 2.099398
15.6 1.083246 2.107086
15.7 1.093587 2.114773
15.8 1.103927 2.122461
15.9 1.114268 2.130178
16.0 1.124806 2.138286
16.1 1.135712 2.146395
16.2 1.146619 2.154504
16.3 1.157525 2.162613
16.4 1.168431 2.170721
16.5 1.179338 2.17883
16.6 1.190244 2.186939
16.7 1.20115 2.194995
16.8 1.211904 2.202998
16.9 1.222604 2.211001
17.0 1.233305 2.219005
