nexoclom2/data/gvalues/H.ecsv
# %ECSV 1.0
# ---
# datatype:
# - {name: velocity, unit: km / s, datatype: float64}
# - {name: '1215.67', unit: 1 / s, datatype: float64}
# meta: !!omap
# - wavelengths: !!python/tuple
#   - !astropy.units.Quantity
#     unit: !astropy.units.Unit {unit: Angstrom}
#     value: 1215.67
# - __serialized_columns__:
#     '1215.67':
#       __class__: astropy.units.quantity.Quantity
#       unit: !astropy.units.Unit {unit: 1 / s}
#       value: !astropy.table.SerializedColumn {name: '1215.67'}
#     velocity:
#       __class__: astropy.units.quantity.Quantity
#       unit: !astropy.units.Unit {unit: km / s}
#       value: !astropy.table.SerializedColumn {name: velocity}
# schema: astropy-2.0
velocity 1215.67
-50.0 0.01867648
-49.9 0.01866829
-49.8 0.01866011
-49.7 0.01865192
-49.6 0.01864373
-49.5 0.01863554
-49.4 0.01862736
-49.3 0.01861917
-49.2 0.01861098
-49.1 0.0186028
-49.0 0.01859461
-48.9 0.01858642
-48.8 0.01857824
-48.7 0.01857005
-48.6 0.01856186
-48.5 0.01855368
-48.4 0.01854549
-48.3 0.01853527
-48.2 0.01852126
-48.1 0.01850724
-48.0 0.01849323
-47.9 0.01847921
-47.8 0.0184652
-47.7 0.01845118
-47.6 0.01843717
-47.5 0.01842316
-47.4 0.01840914
-47.3 0.01839513
-47.2 0.01838111
-47.1 0.0183671
-47.0 0.01835308
-46.9 0.01833907
-46.8 0.01832505
-46.7 0.01831104
-46.6 0.01829702
-46.5 0.01828301
-46.4 0.01826899
-46.3 0.01825498
-46.2 0.01824096
-46.1 0.01822695
-46.0 0.01821293
-45.9 0.01819892
-45.8 0.01818175
-45.7 0.01816297
-45.6 0.01814419
-45.5 0.01812541
-45.4 0.01810664
-45.3 0.01808786
-45.2 0.01806908
-45.1 0.01805031
-45.0 0.01803153
-44.9 0.01801275
-44.8 0.01799398
-44.7 0.0179752
-44.6 0.01795642
-44.5 0.01793764
-44.4 0.01791887
-44.3 0.01790009
-44.2 0.01788131
-44.1 0.01786254
-44.0 0.01784376
-43.9 0.01782498
-43.8 0.01780621
-43.7 0.01778743
-43.6 0.01776865
-43.5 0.01774988
-43.4 0.0177311
-43.3 0.01770996
-43.2 0.01768877
-43.1 0.01766757
-43.0 0.01764638
-42.9 0.01762519
-42.8 0.017604
-42.7 0.0175828
-42.6 0.01756161
-42.5 0.01754042
-42.4 0.01751922
-42.3 0.01749803
-42.2 0.01747684
-42.1 0.01745564
-42.0 0.01743445
-41.9 0.01741326
-41.8 0.01739207
-41.7 0.01737087
-41.6 0.01734968
-41.5 0.01732849
-41.4 0.01730729
-41.3 0.0172861
-41.2 0.01726491
-41.1 0.01724371
-41.0 0.01722252
-40.9 0.01720107
-40.8 0.01717899
-40.7 0.01715691
-40.6 0.01713483
-40.5 0.01711275
-40.4 0.01709067
-40.3 0.01706858
-40.2 0.0170465
-40.1 0.01702442
-40.0 0.01700234
-39.9 0.01698026
-39.8 0.01695818
-39.7 0.0169361
-39.6 0.01691402
-39.5 0.01689194
-39.4 0.01686986
-39.3 0.01684778
-39.2 0.0168257
-39.1 0.01680362
-39.0 0.01678153
-38.9 0.01675945
-38.8 0.01673737
-38.7 0.01671529
-38.6 0.01669321
-38.5 0.01667113
-38.4 0.01664923
-38.3 0.01662746
-38.2 0.01660568
-38.1 0.0165839
-38.0 0.01656212
-37.9 0.01654034
-37.8 0.01651857
-37.7 0.01649679
-37.6 0.01647501
-37.5 0.01645323
-37.4 0.01643146
-37.3 0.01640968
-37.2 0.0163879
-37.1 0.01636612
-37.0 0.01634434
-36.9 0.01632257
-36.8 0.01630079
-36.7 0.01627901
-36.6 0.01625723
-36.5 0.01623546
-36.4 0.01621368
-36.3 0.0161919
-36.2 0.01617012
-36.1 0.01614834
-36.0 0.01612657
-35.9 0.01610557
-35.8 0.01608464
-35.7 0.01606371
-35.6 0.01604278
-35.5 0.01602185
-35.4 0.01600092
-35.3 0.01597999
-35.2 0.01595905
-35.1 0.01593812
-35.0 0.01591719
-34.9 0.01589626
-34.8 0.01587533
-34.7 0.0158544
-34.6 0.01583347
-34.5 0.01581254
-34.4 0.01579161
-34.3 0.01577068
-34.2 0.01574975
-34.1 0.01572882
-34.0 0.01570789
-33.9 0.01568696
-33.8 0.01566603
-33.7 0.0156451
-33.6 0.01562417
-33.5 0.01560416
-33.4 0.01558496
-33.3 0.01556576
-33.2 0.01554656
-33.1 0.01552736
-33.0 0.01550816
-32.9 0.01548896
-32.8 0.01546976
-32.7 0.01545056
-32.6 0.01543136
-32.5 0.01541216
-32.4 0.01539296
-32.3 0.01537376
-32.2 0.01535456
-32.1 0.01533536
-32.0 0.01531616
-31.9 0.01529696
-31.8 0.01527776
-31.7 0.01525856
-31.6 0.01523936
-31.5 0.01522016
-31.4 0.01520096
-31.3 0.01518176
-31.2 0.01516256
-31.1 0.01514336
-31.0 0.01512538
-30.9 0.01510762
-30.8 0.01508986
-30.7 0.0150721
-30.6 0.01505434
-30.5 0.01503658
-30.4 0.01501882
-30.3 0.01500106
-30.2 0.0149833
-30.1 0.01496554
-30.0 0.01494778
-29.9 0.01493002
-29.8 0.01491226
-29.7 0.0148945
-29.6 0.01487674
-29.5 0.01485898
-29.4 0.01484122
-29.3 0.01482346
-29.2 0.0148057
-29.1 0.01478794
-29.0 0.01477018
-28.9 0.01475242
-28.8 0.01473466
-28.7 0.0147169
-28.6 0.01469937
-28.5 0.014683
-28.4 0.01466662
-28.3 0.01465025
-28.2 0.01463388
-28.1 0.0146175
-28.0 0.01460113
-27.9 0.01458475
-27.8 0.01456838
-27.7 0.01455201
-27.6 0.01453563
-27.5 0.01451926
-27.4 0.01450289
-27.3 0.01448651
-27.2 0.01447014
-27.1 0.01445376
-27.0 0.01443739
-26.9 0.01442102
-26.8 0.01440464
-26.7 0.01438827
-26.6 0.01437189
-26.5 0.01435552
-26.4 0.01433915
-26.3 0.01432277
-26.2 0.0143064
-26.1 0.01429073
-26.0 0.01427581
-25.9 0.01426089
-25.8 0.01424598
-25.7 0.01423106
-25.6 0.01421615
-25.5 0.01420123
-25.4 0.01418631
-25.3 0.0141714
-25.2 0.01415648
-25.1 0.01414156
-25.0 0.01412665
-24.9 0.01411173
-24.8 0.01409682
-24.7 0.0140819
-24.6 0.01406698
-24.5 0.01405207
-24.4 0.01403715
-24.3 0.01402223
-24.2 0.01400732
-24.1 0.0139924
-24.0 0.01397749
-23.9 0.01396257
-23.8 0.01394765
-23.7 0.01393274
-23.6 0.01391881
-23.5 0.01390514
-23.4 0.01389147
-23.3 0.01387779
-23.2 0.01386412
-23.1 0.01385045
-23.0 0.01383678
-22.9 0.0138231
-22.8 0.01380943
-22.7 0.01379576
-22.6 0.01378209
-22.5 0.01376842
-22.4 0.01375474
-22.3 0.01374107
-22.2 0.0137274
-22.1 0.01371373
-22.0 0.01370005
-21.9 0.01368638
-21.8 0.01367271
-21.7 0.01365904
-21.6 0.01364536
-21.5 0.01363169
-21.4 0.01361802
-21.3 0.01360435
-21.2 0.01359078
-21.1 0.01357801
-21.0 0.01356524
-20.9 0.01355248
-20.8 0.01353971
-20.7 0.01352695
-20.6 0.01351418
-20.5 0.01350142
-20.4 0.01348865
-20.3 0.01347589
-20.2 0.01346312
-20.1 0.01345036
-20.0 0.01343759
-19.9 0.01342482
-19.8 0.01341206
-19.7 0.01339929
-19.6 0.01338653
-19.5 0.01337376
-19.4 0.013361
-19.3 0.01334823
-19.2 0.01333547
-19.1 0.0133227
-19.0 0.01330993
-18.9 0.01329717
-18.8 0.0132844
-18.7 0.01327195
-18.6 0.01325994
-18.5 0.01324792
-18.4 0.0132359
-18.3 0.01322388
-18.2 0.01321186
-18.1 0.01319984
-18.0 0.01318782
-17.9 0.0131758
-17.8 0.01316378
-17.7 0.01315176
-17.6 0.01313975
-17.5 0.01312773
-17.4 0.01311571
-17.3 0.01310369
-17.2 0.01309167
-17.1 0.01307965
-17.0 0.01306763
-16.9 0.01305561
-16.8 0.01304359
-16.7 0.01303158
-16.6 0.01301956
-16.5 0.01300754
-16.4 0.01299552
-16.3 0.0129835
-16.2 0.01297239
-16.1 0.01296159
-16.0 0.0129508
-15.9 0.01294001
-15.8 0.01292922
-15.7 0.01291842
-15.6 0.01290763
-15.5 0.01289684
-15.4 0.01288605
-15.3 0.01287525
-15.2 0.01286446
-15.1 0.01285367
-15.0 0.01284287
-14.9 0.01283208
-14.8 0.01282129
-14.7 0.0128105
-14.6 0.0127997
-14.5 0.01278891
-14.4 0.01277812
-14.3 0.01276733
-14.2 0.01275653
-14.1 0.01274574
-14.0 0.01273495
-13.9 0.01272415
-13.8 0.01271344
-13.7 0.01270414
-13.6 0.01269484
-13.5 0.01268554
-13.4 0.01267624
-13.3 0.01266694
-13.2 0.01265764
-13.1 0.01264834
-13.0 0.01263904
-12.9 0.01262974
-12.8 0.01262044
-12.7 0.01261114
-12.6 0.01260184
-12.5 0.01259254
-12.4 0.01258324
-12.3 0.01257394
-12.2 0.01256464
-12.1 0.01255534
-12.0 0.01254604
-11.9 0.01253674
-11.8 0.01252744
-11.7 0.01251814
-11.6 0.01250884
-11.5 0.01249954
-11.4 0.01249024
-11.3 0.0124815
-11.2 0.01247371
-11.1 0.01246592
-11.0 0.01245813
-10.9 0.01245034
-10.8 0.01244255
-10.7 0.01243476
-10.6 0.01242697
-10.5 0.01241918
-10.4 0.01241139
-10.3 0.0124036
-10.2 0.01239581
-10.1 0.01238802
-10.0 0.01238024
-9.9 0.01237245
-9.8 0.01236466
-9.7 0.01235687
-9.6 0.01234908
-9.5 0.01234129
-9.4 0.0123335
-9.3 0.01232571
-9.2 0.01231792
-9.1 0.01231013
-9.0 0.01230234
-8.9 0.01229455
-8.8 0.01228795
-8.7 0.0122819
-8.6 0.01227585
-8.5 0.01226981
-8.4 0.01226376
-8.3 0.01225771
-8.2 0.01225166
-8.1 0.01224561
-8.0 0.01223956
-7.9 0.01223351
-7.8 0.01222747
-7.7 0.01222142
-7.6 0.01221537
-7.5 0.01220932
-7.4 0.01220327
-7.3 0.01219722
-7.2 0.01219118
-7.1 0.01218513
-7.0 0.01217908
-6.9 0.01217303
-6.8 0.01216698
-6.7 0.01216093
-6.6 0.01215489
-6.5 0.01214884
-6.4 0.01214279
-6.3 0.0121391
-6.2 0.01213541
-6.1 0.01213173
-6.0 0.01212804
-5.9 0.01212436
-5.8 0.01212067
-5.7 0.01211699
-5.6 0.0121133
-5.5 0.01210962
-5.4 0.01210593
-5.3 0.01210225
-5.2 0.01209856
-5.1 0.01209487
-5.0 0.01209119
-4.9 0.0120875
-4.8 0.01208382
-4.7 0.01208013
-4.6 0.01207645
-4.5 0.01207276
-4.4 0.01206908
-4.3 0.01206539
-4.2 0.01206171
-4.1 0.01205802
-4.0 0.01205433
-3.9 0.01205132
-3.8 0.01204976
-3.7 0.01204821
-3.6 0.01204665
-3.5 0.0120451
-3.4 0.01204354
-3.3 0.01204199
-3.2 0.01204043
-3.1 0.01203888
-3.0 0.01203733
-2.9 0.01203577
-2.8 0.01203422
-2.7 0.01203266
-2.6 0.01203111
-2.5 0.01202955
-2.4 0.012028
-2.3 0.01202644
-2.2 0.01202489
-2.1 0.01202333
-2.0 0.01202178
-1.9 0.01202022
-1.8 0.01201867
-1.7 0.01201712
-1.6 0.01201556
-1.5 0.01201401
-1.4 0.01201395
-1.3 0.01201402
-1.2 0.01201408
-1.1 0.01201414
-1.0 0.01201421
-0.9 0.01201427
-0.8 0.01201433
-0.7 0.0120144
-0.6 0.01201446
-0.5 0.01201452
-0.4 0.01201459
-0.3 0.01201465
-0.2 0.01201471
-0.1 0.01201477
0.0 0.01201484
0.1 0.0120149
0.2 0.01201496
0.3 0.01201503
0.4 0.01201509
0.5 0.01201515
0.6 0.01201522
0.7 0.01201528
0.8 0.01201534
0.9 0.0120154
1.0 0.01201571
1.1 0.01201679
1.2 0.01201787
1.3 0.01201894
1.4 0.01202002
1.5 0.01202109
1.6 0.01202217
1.7 0.01202324
1.8 0.01202432
1.9 0.0120254
2.0 0.01202647
2.1 0.01202755
2.2 0.01202862
2.3 0.0120297
2.4 0.01203077
2.5 0.01203185
2.6 0.01203292
2.7 0.012034
2.8 0.01203508
2.9 0.01203615
3.0 0.01203723
3.1 0.0120383
3.2 0.01203938
3.3 0.01204045
3.4 0.01204153
3.5 0.01204304
3.6 0.0120449
3.7 0.01204676
3.8 0.01204861
3.9 0.01205047
4.0 0.01205233
4.1 0.01205418
4.2 0.01205604
4.3 0.0120579
4.4 0.01205976
4.5 0.01206161
4.6 0.01206347
4.7 0.01206533
4.8 0.01206718
4.9 0.01206904
5.0 0.0120709
5.1 0.01207275
5.2 0.01207461
5.3 0.01207647
5.4 0.01207833
5.5 0.01208018
5.6 0.01208204
5.7 0.0120839
5.8 0.01208575
5.9 0.01208761
6.0 0.01209017
6.1 0.01209282
6.2 0.01209548
6.3 0.01209814
6.4 0.01210079
6.5 0.01210345
6.6 0.01210611
6.7 0.01210876
6.8 0.01211142
6.9 0.01211408
7.0 0.01211673
7.1 0.01211939
7.2 0.01212204
7.3 0.0121247
7.4 0.01212736
7.5 0.01213001
7.6 0.01213267
7.7 0.01213533
7.8 0.01213798
7.9 0.01214064
8.0 0.0121433
8.1 0.01214595
8.2 0.01214861
8.3 0.01215127
8.4 0.01215401
8.5 0.01215713
8.6 0.01216025
8.7 0.01216336
8.8 0.01216648
8.9 0.0121696
9.0 0.01217272
9.1 0.01217584
9.2 0.01217896
9.3 0.01218207
9.4 0.01218519
9.5 0.01218831
9.6 0.01219143
9.7 0.01219455
9.8 0.01219766
9.9 0.01220078
10.0 0.0122039
10.1 0.01220702
10.2 0.01221014
10.3 0.01221326
10.4 0.01221637
10.5 0.01221949
10.6 0.01222261
10.7 0.01222573
10.8 0.01222885
10.9 0.01223207
11.0 0.0122354
11.1 0.01223873
11.2 0.01224207
11.3 0.0122454
11.4 0.01224873
11.5 0.01225206
11.6 0.01225539
11.7 0.01225872
11.8 0.01226205
11.9 0.01226539
12.0 0.01226872
12.1 0.01227205
12.2 0.01227538
12.3 0.01227871
12.4 0.01228204
12.5 0.01228537
12.6 0.0122887
12.7 0.01229204
12.8 0.01229537
12.9 0.0122987
13.0 0.01230203
13.1 0.01230536
13.2 0.01230869
13.3 0.01231202
13.4 0.01231573
13.5 0.01231953
13.6 0.01232332
13.7 0.01232711
13.8 0.0123309
13.9 0.0123347
14.0 0.01233849
14.1 0.01234228
14.2 0.01234608
14.3 0.01234987
14.4 0.01235366
14.5 0.01235746
14.6 0.01236125
14.7 0.01236504
14.8 0.01236883
14.9 0.01237263
15.0 0.01237642
15.1 0.01238021
15.2 0.01238401
15.3 0.0123878
15.4 0.01239159
15.5 0.01239538
15.6 0.01239918
15.7 0.01240297
15.8 0.01240695
15.9 0.01241214
16.0 0.01241734
16.1 0.01242254
16.2 0.01242773
16.3 0.01243293
16.4 0.01243813
16.5 0.01244332
16.6 0.01244852
16.7 0.01245371
16.8 0.01245891
16.9 0.01246411
17.0 0.0124693
17.1 0.0124745
17.2 0.01247969
17.3 0.01248489
17.4 0.01249009
17.5 0.01249528
17.6 0.01250048
17.7 0.01250567
17.8 0.01251087
17.9 0.01251607
18.0 0.01252126
18.1 0.01252646
18.2 0.01253165
18.3 0.01253755
18.4 0.01254431
18.5 0.01255107
18.6 0.01255783
18.7 0.01256458
18.8 0.01257134
18.9 0.0125781
19.0 0.01258486
19.1 0.01259162
19.2 0.01259838
19.3 0.01260514
19.4 0.0126119
19.5 0.01261866
19.6 0.01262542
19.7 0.01263218
19.8 0.01263893
19.9 0.01264569
20.0 0.01265245
20.1 0.01265921
20.2 0.01266597
20.3 0.01267273
20.4 0.01267949
20.5 0.01268625
20.6 0.01269301
20.7 0.01269977
20.8 0.01270786
20.9 0.01271638
21.0 0.0127249
21.1 0.01273341
21.2 0.01274193
21.3 0.01275045
21.4 0.01275897
21.5 0.01276748
21.6 0.012776
21.7 0.01278452
21.8 0.01279304
21.9 0.01280155
22.0 0.01281007
22.1 0.01281859
22.2 0.01282711
22.3 0.01283562
22.4 0.01284414
22.5 0.01285266
22.6 0.01286117
22.7 0.01286969
22.8 0.01287821
22.9 0.01288673
23.0 0.01289524
23.1 0.01290376
23.2 0.01291244
23.3 0.01292315
23.4 0.01293385
23.5 0.01294455
23.6 0.01295525
23.7 0.01296595
23.8 0.01297665
23.9 0.01298735
24.0 0.01299806
24.1 0.01300876
24.2 0.01301946
24.3 0.01303016
24.4 0.01304086
24.5 0.01305156
24.6 0.01306227
24.7 0.01307297
24.8 0.01308367
24.9 0.01309437
25.0 0.01310507
25.1 0.01311577
25.2 0.01312647
25.3 0.01313718
25.4 0.01314788
25.5 0.01315858
25.6 0.01316928
25.7 0.0131811
25.8 0.01319467
25.9 0.01320823
26.0 0.0132218
26.1 0.01323537
26.2 0.01324893
26.3 0.0132625
26.4 0.01327607
26.5 0.01328963
26.6 0.0133032
26.7 0.01331677
26.8 0.01333033
26.9 0.0133439
27.0 0.01335747
27.1 0.01337103
27.2 0.0133846
27.3 0.01339816
27.4 0.01341173
27.5 0.0134253
27.6 0.01343886
27.7 0.01345243
27.8 0.013466
27.9 0.01347956
28.0 0.01349313
28.1 0.01350672
28.2 0.01352326
28.3 0.0135398
28.4 0.01355635
28.5 0.01357289
28.6 0.01358944
28.7 0.01360598
28.8 0.01362253
28.9 0.01363907
29.0 0.01365561
29.1 0.01367216
29.2 0.0136887
29.3 0.01370525
29.4 0.01372179
29.5 0.01373833
29.6 0.01375488
29.7 0.01377142
29.8 0.01378797
29.9 0.01380451
30.0 0.01382106
30.1 0.0138376
30.2 0.01385414
30.3 0.01387069
30.4 0.01388723
30.5 0.01390378
30.6 0.01392128
30.7 0.01394081
30.8 0.01396033
30.9 0.01397986
31.0 0.01399939
31.1 0.01401892
31.2 0.01403844
31.3 0.01405797
31.4 0.0140775
31.5 0.01409703
31.6 0.01411655
31.7 0.01413608
31.8 0.01415561
31.9 0.01417514
32.0 0.01419466
32.1 0.01421419
32.2 0.01423372
32.3 0.01425325
32.4 0.01427277
32.5 0.0142923
32.6 0.01431183
32.7 0.01433136
32.8 0.01435088
32.9 0.01437041
33.0 0.01438994
33.1 0.01441108
33.2 0.01443315
33.3 0.01445521
33.4 0.01447728
33.5 0.01449935
33.6 0.01452141
33.7 0.01454348
33.8 0.01456554
33.9 0.01458761
34.0 0.01460968
34.1 0.01463174
34.2 0.01465381
34.3 0.01467588
34.4 0.01469794
34.5 0.01472001
34.6 0.01474208
34.7 0.01476414
34.8 0.01478621
34.9 0.01480828
35.0 0.01483034
35.1 0.01485241
35.2 0.01487448
35.3 0.01489654
35.4 0.01491861
35.5 0.01494067
35.6 0.01496467
35.7 0.01498876
35.8 0.01501285
35.9 0.01503694
36.0 0.01506103
36.1 0.01508512
36.2 0.01510921
36.3 0.0151333
36.4 0.01515739
36.5 0.01518148
36.6 0.01520557
36.7 0.01522966
36.8 0.01525375
36.9 0.01527784
37.0 0.01530193
37.1 0.01532602
37.2 0.01535011
37.3 0.0153742
37.4 0.01539829
37.5 0.01542238
37.6 0.01544647
37.7 0.01547056
37.8 0.01549465
37.9 0.01551874
38.0 0.01554325
38.1 0.01556892
38.2 0.01559459
38.3 0.01562026
38.4 0.01564594
38.5 0.01567161
38.6 0.01569728
38.7 0.01572295
38.8 0.01574862
38.9 0.01577429
39.0 0.01579996
39.1 0.01582563
39.2 0.0158513
39.3 0.01587697
39.4 0.01590264
39.5 0.01592831
39.6 0.01595398
39.7 0.01597965
39.8 0.01600532
39.9 0.01603099
40.0 0.01605666
40.1 0.01608233
40.2 0.016108
40.3 0.01613367
40.4 0.01615934
40.5 0.0161854
40.6 0.01621175
40.7 0.01623809
40.8 0.01626443
40.9 0.01629078
41.0 0.01631712
41.1 0.01634347
41.2 0.01636981
41.3 0.01639615
41.4 0.0164225
41.5 0.01644884
41.6 0.01647519
41.7 0.01650153
41.8 0.01652788
41.9 0.01655422
42.0 0.01658056
42.1 0.01660691
42.2 0.01663325
42.3 0.0166596
42.4 0.01668594
42.5 0.01671228
42.6 0.01673863
42.7 0.01676497
42.8 0.01679132
42.9 0.01681766
43.0 0.01684339
43.1 0.01686904
43.2 0.01689469
43.3 0.01692034
43.4 0.01694599
43.5 0.01697164
43.6 0.01699729
43.7 0.01702294
43.8 0.01704859
43.9 0.01707424
44.0 0.01709989
44.1 0.01712554
44.2 0.01715119
44.3 0.01717685
44.4 0.0172025
44.5 0.01722815
44.6 0.0172538
44.7 0.01727945
44.8 0.0173051
44.9 0.01733075
45.0 0.0173564
45.1 0.01738205
45.2 0.0174077
45.3 0.01743335
45.4 0.01745862
45.5 0.01748242
45.6 0.01750622
45.7 0.01753003
45.8 0.01755383
45.9 0.01757763
46.0 0.01760144
46.1 0.01762524
46.2 0.01764904
46.3 0.01767284
46.4 0.01769665
46.5 0.01772045
46.6 0.01774425
46.7 0.01776806
46.8 0.01779186
46.9 0.01781566
47.0 0.01783947
47.1 0.01786327
47.2 0.01788707
47.3 0.01791087
47.4 0.01793468
47.5 0.01795848
47.6 0.01798228
47.7 0.01800609
47.8 0.01802989
47.9 0.01805369
48.0 0.0180775
48.1 0.0181013
48.2 0.0181251
48.3 0.0181489
48.4 0.01817271
48.5 0.01819651
48.6 0.01822031
48.7 0.01824412
48.8 0.01826792
48.9 0.01829172
49.0 0.01831553
49.1 0.01833933
49.2 0.01836313
49.3 0.01838693
49.4 0.01841074
49.5 0.01843454
49.6 0.01845834
49.7 0.01848215
49.8 0.01850595
49.9 0.01852975
50.0 0.01855356
