nexoclom2/data/gvalues/Mg.ecsv
# %ECSV 1.0
# ---
# datatype:
# - {name: velocity, unit: km / s, datatype: float64}
# - {name: '2852.96', unit: 1 / s, datatype: float64}
# meta: !!omap
# - wavelengths: !!python/tuple
#   - !astropy.units.Quantity
#     unit: !astropy.units.Unit {unit: Angstrom}
#     value: 2852.96
# - __serialized_columns__:
#     '2852.96':
#       __class__: astropy.units.quantity.Quantity
#       unit: !astropy.units.Unit {unit: 1 / s}
#       value: !astropy.table.SerializedColumn {name: '2852.96'}
#     velocity:
#       __class__: astropy.units.quantity.Quantity
#       unit: !astropy.units.Unit {unit: km / s}
#       value: !astropy.table.SerializedColumn {name: velocity}
# schema: astropy-2.0
velocity 2852.96
-50.0 0.7350409
-49.9 0.7343061
-49.8 0.7334317
-49.7 0.7325573
-49.6 0.731683
-49.5 0.7308086
-49.4 0.7299342
-49.3 0.7290598
-49.2 0.7281854
-49.1 0.727311
-49.0 0.7264366
-48.9 0.7255623
-48.8 0.7246682
-48.7 0.7237591
-48.6 0.7228501
-48.5 0.721941
-48.4 0.7210319
-48.3 0.7201229
-48.2 0.7192138
-48.1 0.7183048
-48.0 0.7173957
-47.9 0.7164866
-47.8 0.7155776
-47.7 0.7146685
-47.6 0.7137595
-47.5 0.7128504
-47.4 0.7119414
-47.3 0.7110323
-47.2 0.7101232
-47.1 0.7092142
-47.0 0.7083051
-46.9 0.7073961
-46.8 0.706487
-46.7 0.705578
-46.6 0.7046689
-46.5 0.7037599
-46.4 0.7028508
-46.3 0.7019418
-46.2 0.7010327
-46.1 0.7001237
-46.0 0.6992146
-45.9 0.6983056
-45.8 0.6973965
-45.7 0.6964875
-45.6 0.6955784
-45.5 0.6946694
-45.4 0.6937604
-45.3 0.6928514
-45.2 0.6919423
-45.1 0.6910333
-45.0 0.6901243
-44.9 0.6892153
-44.8 0.6883062
-44.7 0.6873972
-44.6 0.6864882
-44.5 0.6855792
-44.4 0.6846702
-44.3 0.6837612
-44.2 0.6828522
-44.1 0.6819432
-44.0 0.6810342
-43.9 0.6801252
-43.8 0.6792161
-43.7 0.6783071
-43.6 0.6773981
-43.5 0.676467
-43.4 0.6755353
-43.3 0.6746036
-43.2 0.6736719
-43.1 0.6727402
-43.0 0.6718085
-42.9 0.6708768
-42.8 0.6699451
-42.7 0.6690134
-42.6 0.6680817
-42.5 0.6671661
-42.4 0.6662572
-42.3 0.6653482
-42.2 0.6644392
-42.1 0.6635302
-42.0 0.6626213
-41.9 0.6617123
-41.8 0.6608033
-41.7 0.6598943
-41.6 0.6589854
-41.5 0.6580764
-41.4 0.6571674
-41.3 0.6562585
-41.2 0.6553495
-41.1 0.6544405
-41.0 0.6535316
-40.9 0.6526226
-40.8 0.6517136
-40.7 0.6508047
-40.6 0.6498957
-40.5 0.6489867
-40.4 0.6480778
-40.3 0.6471688
-40.2 0.6462599
-40.1 0.6453509
-40.0 0.644442
-39.9 0.643533
-39.8 0.6426241
-39.7 0.6417152
-39.6 0.6408062
-39.5 0.6398973
-39.4 0.6390067
-39.3 0.6382155
-39.2 0.6374243
-39.1 0.6366331
-39.0 0.6358419
-38.9 0.6350507
-38.8 0.6342595
-38.7 0.6334683
-38.6 0.6326771
-38.5 0.6318859
-38.4 0.6310947
-38.3 0.6303208
-38.2 0.6295568
-38.1 0.6287928
-38.0 0.6280287
-37.9 0.6272647
-37.8 0.6265007
-37.7 0.6257367
-37.6 0.6249727
-37.5 0.6242087
-37.4 0.6234447
-37.3 0.6226807
-37.2 0.6219167
-37.1 0.6211527
-37.0 0.6203887
-36.9 0.6196247
-36.8 0.6188607
-36.7 0.6180967
-36.6 0.6173327
-36.5 0.6165687
-36.4 0.6158047
-36.3 0.6150407
-36.2 0.6142767
-36.1 0.6135127
-36.0 0.6127487
-35.9 0.6119847
-35.8 0.6112207
-35.7 0.6104567
-35.6 0.6096927
-35.5 0.6089287
-35.4 0.6081647
-35.3 0.6074007
-35.2 0.6066367
-35.1 0.6058728
-35.0 0.6051088
-34.9 0.6043448
-34.8 0.6035808
-34.7 0.6028168
-34.6 0.6020528
-34.5 0.6012889
-34.4 0.6005249
-34.3 0.5997609
-34.2 0.5989969
-34.1 0.598233
-34.0 0.597469
-33.9 0.596705
-33.8 0.5959411
-33.7 0.5951771
-33.6 0.5944131
-33.5 0.5936492
-33.4 0.5928852
-33.3 0.5921213
-33.2 0.5913573
-33.1 0.5905933
-33.0 0.5898294
-32.9 0.5890655
-32.8 0.5883015
-32.7 0.5875376
-32.6 0.5867736
-32.5 0.5860097
-32.4 0.5852457
-32.3 0.5844818
-32.2 0.5837178
-32.1 0.5829539
-32.0 0.58219
-31.9 0.581426
-31.8 0.5806621
-31.7 0.5798981
-31.6 0.5791342
-31.5 0.5783702
-31.4 0.5776063
-31.3 0.5768423
-31.2 0.5760784
-31.1 0.5753144
-31.0 0.5745505
-30.9 0.5737866
-30.8 0.5730226
-30.7 0.5722587
-30.6 0.5714948
-30.5 0.5707308
-30.4 0.5699669
-30.3 0.569203
-30.2 0.5684391
-30.1 0.5676751
-30.0 0.5669112
-29.9 0.5661473
-29.8 0.5653833
-29.7 0.5646194
-29.6 0.5638555
-29.5 0.5630916
-29.4 0.5623277
-29.3 0.5615637
-29.2 0.5607998
-29.1 0.5600359
-29.0 0.559272
-28.9 0.558508
-28.8 0.557524
-28.7 0.556533
-28.6 0.5555421
-28.5 0.5545511
-28.4 0.5535602
-28.3 0.5525693
-28.2 0.5515783
-28.1 0.5505874
-28.0 0.5495965
-27.9 0.5486055
-27.8 0.5475906
-27.7 0.5465464
-27.6 0.5455023
-27.5 0.5444581
-27.4 0.543414
-27.3 0.5423698
-27.2 0.5413257
-27.1 0.5402815
-27.0 0.5392374
-26.9 0.5381932
-26.8 0.537149
-26.7 0.5361049
-26.6 0.5350608
-26.5 0.5340167
-26.4 0.5329726
-26.3 0.5319285
-26.2 0.5308843
-26.1 0.5298402
-26.0 0.5287961
-25.9 0.527752
-25.8 0.5267079
-25.7 0.5256637
-25.6 0.5246196
-25.5 0.5235755
-25.4 0.5225314
-25.3 0.5214873
-25.2 0.5204432
-25.1 0.5193991
-25.0 0.518355
-24.9 0.5173109
-24.8 0.5162668
-24.7 0.5152227
-24.6 0.5141786
-24.5 0.5131345
-24.4 0.5120904
-24.3 0.5110462
-24.2 0.5100021
-24.1 0.508958
-24.0 0.5079139
-23.9 0.5068698
-23.8 0.5058257
-23.7 0.5047816
-23.6 0.5037375
-23.5 0.5026934
-23.4 0.5016494
-23.3 0.5006053
-23.2 0.4995612
-23.1 0.4985171
-23.0 0.4974731
-22.9 0.496429
-22.8 0.4953849
-22.7 0.4943408
-22.6 0.4932967
-22.5 0.4922527
-22.4 0.4912086
-22.3 0.4901646
-22.2 0.4891205
-22.1 0.4880764
-22.0 0.4870324
-21.9 0.4859883
-21.8 0.4849442
-21.7 0.4839002
-21.6 0.4828561
-21.5 0.4818121
-21.4 0.480768
-21.3 0.479724
-21.2 0.47868
-21.1 0.4776359
-21.0 0.4765919
-20.9 0.4755479
-20.8 0.4745038
-20.7 0.4734598
-20.6 0.4724158
-20.5 0.4713717
-20.4 0.4703277
-20.3 0.4692837
-20.2 0.4682397
-20.1 0.4671956
-20.0 0.4661516
-19.9 0.4651076
-19.8 0.4640635
-19.7 0.4630195
-19.6 0.4619755
-19.5 0.4609314
-19.4 0.4598874
-19.3 0.4588434
-19.2 0.4577994
-19.1 0.4567554
-19.0 0.4557114
-18.9 0.4546674
-18.8 0.4536234
-18.7 0.4525794
-18.6 0.4515353
-18.5 0.4504913
-18.4 0.4494473
-18.3 0.4486024
-18.2 0.4478125
-18.1 0.4470225
-18.0 0.4462326
-17.9 0.4454427
-17.8 0.4446528
-17.7 0.4438629
-17.6 0.4430729
-17.5 0.442283
-17.4 0.4414931
-17.3 0.4407144
-17.2 0.4399668
-17.1 0.4392192
-17.0 0.4384716
-16.9 0.437724
-16.8 0.4369764
-16.7 0.4362288
-16.6 0.4354811
-16.5 0.4347335
-16.4 0.4339859
-16.3 0.4332384
-16.2 0.432509
-16.1 0.4317796
-16.0 0.4310502
-15.9 0.4303208
-15.8 0.4295914
-15.7 0.428862
-15.6 0.4281327
-15.5 0.4274033
-15.4 0.4266739
-15.3 0.4259445
-15.2 0.4252151
-15.1 0.4244857
-15.0 0.4237564
-14.9 0.423027
-14.8 0.4222976
-14.7 0.4215682
-14.6 0.4208389
-14.5 0.4201095
-14.4 0.4193801
-14.3 0.4186507
-14.2 0.4179214
-14.1 0.417192
-14.0 0.4164627
-13.9 0.4157333
-13.8 0.415004
-13.7 0.4142746
-13.6 0.4135453
-13.5 0.4128159
-13.4 0.4120866
-13.3 0.4113572
-13.2 0.4106279
-13.1 0.4098985
-13.0 0.4091692
-12.9 0.4084399
-12.8 0.4077105
-12.7 0.4069812
-12.6 0.4062518
-12.5 0.4055225
-12.4 0.4047932
-12.3 0.4040638
-12.2 0.4033345
-12.1 0.4026051
-12.0 0.4018758
-11.9 0.4011465
-11.8 0.4004171
-11.7 0.3996878
-11.6 0.3989584
-11.5 0.3982291
-11.4 0.3974997
-11.3 0.3967704
-11.2 0.396041
-11.1 0.3953117
-11.0 0.3945824
-10.9 0.3938531
-10.8 0.3931238
-10.7 0.3923945
-10.6 0.3916652
-10.5 0.3909358
-10.4 0.3902065
-10.3 0.3894772
-10.2 0.3887479
-10.1 0.3880186
-10.0 0.3872893
-9.9 0.38656
-9.8 0.3858307
-9.7 0.3851014
-9.6 0.3843721
-9.5 0.3836428
-9.4 0.3829135
-9.3 0.3821842
-9.2 0.3814549
-9.1 0.3807256
-9.0 0.3799963
-8.9 0.379267
-8.8 0.3785376
-8.7 0.3778083
-8.6 0.377079
-8.5 0.3763497
-8.4 0.3756204
-8.3 0.3748911
-8.2 0.3741618
-8.1 0.3734325
-8.0 0.3727032
-7.9 0.3719738
-7.8 0.3715362
-7.7 0.3711484
-7.6 0.3707607
-7.5 0.3703729
-7.4 0.3699852
-7.3 0.3695975
-7.2 0.3692097
-7.1 0.368822
-7.0 0.3684343
-6.9 0.3680465
-6.8 0.3676865
-6.7 0.3673814
-6.6 0.3670763
-6.5 0.3667713
-6.4 0.3664662
-6.3 0.3661611
-6.2 0.365856
-6.1 0.365551
-6.0 0.3652459
-5.9 0.3649408
-5.8 0.3646357
-5.7 0.3643307
-5.6 0.3640256
-5.5 0.3637205
-5.4 0.3634154
-5.3 0.3631104
-5.2 0.3628053
-5.1 0.3625002
-5.0 0.3621951
-4.9 0.3618901
-4.8 0.361585
-4.7 0.3612799
-4.6 0.3609748
-4.5 0.3606698
-4.4 0.3603647
-4.3 0.3600596
-4.2 0.3597545
-4.1 0.3594495
-4.0 0.3591444
-3.9 0.3588393
-3.8 0.3585342
-3.7 0.3582292
-3.6 0.3579241
-3.5 0.357619
-3.4 0.3573139
-3.3 0.3570088
-3.2 0.3567038
-3.1 0.3563987
-3.0 0.3560936
-2.9 0.3557885
-2.8 0.3554834
-2.7 0.3551783
-2.6 0.3548733
-2.5 0.3545682
-2.4 0.3542631
-2.3 0.3539581
-2.2 0.353653
-2.1 0.353348
-2.0 0.3530429
-1.9 0.3527378
-1.8 0.3524328
-1.7 0.3521277
-1.6 0.3518226
-1.5 0.3515176
-1.4 0.3512125
-1.3 0.3509074
-1.2 0.3506024
-1.1 0.3502973
-1.0 0.3499922
-0.9 0.3496871
-0.8 0.3493821
-0.7 0.349077
-0.6 0.3487719
-0.5 0.3484669
-0.4 0.3481618
-0.3 0.3478568
-0.2 0.3475517
-0.1 0.3472467
0.0 0.3469416
0.1 0.3466366
0.2 0.3463316
0.3 0.3460265
0.4 0.3457215
0.5 0.3454164
0.6 0.3451114
0.7 0.3448063
0.8 0.3445012
0.9 0.3441962
1.0 0.3438911
1.1 0.343586
1.2 0.343281
1.3 0.3429759
1.4 0.3426709
1.5 0.3423658
1.6 0.3420607
1.7 0.3417557
1.8 0.3414507
1.9 0.3411456
2.0 0.3408406
2.1 0.3405355
2.2 0.3402305
2.3 0.3399254
2.4 0.3396204
2.5 0.3393153
2.6 0.3390103
2.7 0.3392517
2.8 0.3397654
2.9 0.340279
3.0 0.3407926
3.1 0.3413062
3.2 0.3418199
3.3 0.3423335
3.4 0.3428471
3.5 0.3433607
3.6 0.3438744
3.7 0.3444179
3.8 0.3451328
3.9 0.3458476
4.0 0.3465624
4.1 0.3472773
4.2 0.3479921
4.3 0.3487069
4.4 0.3494218
4.5 0.3501366
4.6 0.3508514
4.7 0.3515663
4.8 0.3522811
4.9 0.3529959
5.0 0.3537107
5.1 0.3544256
5.2 0.3551404
5.3 0.3558552
5.4 0.35657
5.5 0.3572849
5.6 0.3579997
5.7 0.3587145
5.8 0.3594293
5.9 0.3601442
6.0 0.360859
6.1 0.3615738
6.2 0.3622886
6.3 0.3630034
6.4 0.3637182
6.5 0.364433
6.6 0.3651479
6.7 0.3658627
6.8 0.3665775
6.9 0.3672923
7.0 0.3680071
7.1 0.3687219
7.2 0.3694367
7.3 0.3701515
7.4 0.3708663
7.5 0.3715811
7.6 0.3722959
7.7 0.3730107
7.8 0.3737255
7.9 0.3744403
8.0 0.3751551
8.1 0.3758699
8.2 0.3765847
8.3 0.3772995
8.4 0.3780142
8.5 0.378729
8.6 0.3794438
8.7 0.3801586
8.8 0.3808734
8.9 0.3815882
9.0 0.3823129
9.1 0.3830455
9.2 0.3837781
9.3 0.3845108
9.4 0.3852434
9.5 0.3859761
9.6 0.3867087
9.7 0.3874413
9.8 0.388174
9.9 0.3889066
10.0 0.389634
10.1 0.3903488
10.2 0.3910636
10.3 0.3917783
10.4 0.3924931
10.5 0.3932079
10.6 0.3939227
10.7 0.3946374
10.8 0.3953522
10.9 0.396067
11.0 0.3967818
11.1 0.3974965
11.2 0.3982113
11.3 0.398926
11.4 0.3996407
11.5 0.4003555
11.6 0.4010702
11.7 0.401785
11.8 0.4024997
11.9 0.4032145
12.0 0.4039292
12.1 0.4046439
12.2 0.4053587
12.3 0.4060734
12.4 0.4067882
12.5 0.4075029
12.6 0.4082177
12.7 0.4089324
12.8 0.4096472
12.9 0.4103619
13.0 0.4110767
13.1 0.4117914
13.2 0.4123992
13.3 0.412969
13.4 0.4135387
13.5 0.4141085
13.6 0.4146783
13.7 0.4152481
13.8 0.4158178
13.9 0.4163876
14.0 0.4169574
14.1 0.4175271
14.2 0.418089
14.3 0.4186226
14.4 0.4191562
14.5 0.4196898
14.6 0.4202234
14.7 0.420757
14.8 0.4212906
14.9 0.4218242
15.0 0.4223579
15.1 0.4228915
15.2 0.4234251
15.3 0.4239587
15.4 0.4244923
15.5 0.4250259
15.6 0.4255595
15.7 0.4260931
15.8 0.4266267
15.9 0.4271603
16.0 0.4276939
16.1 0.4282275
16.2 0.4287611
16.3 0.4292947
16.4 0.4298282
16.5 0.4303618
16.6 0.4308954
16.7 0.4314289
16.8 0.4319625
16.9 0.4324961
17.0 0.4330297
17.1 0.4335632
17.2 0.4340968
17.3 0.4346304
17.4 0.4351639
17.5 0.4356975
17.6 0.4362311
17.7 0.4367647
17.8 0.4372983
17.9 0.4378318
18.0 0.4383654
18.1 0.438899
18.2 0.4394326
18.3 0.4399662
18.4 0.4404997
18.5 0.4410333
18.6 0.4415669
18.7 0.4421004
18.8 0.442634
18.9 0.4431675
19.0 0.4437011
19.1 0.4442346
19.2 0.4447682
19.3 0.4453017
19.4 0.4458353
19.5 0.4463688
19.6 0.4469024
19.7 0.4474359
19.8 0.4479695
19.9 0.448503
20.0 0.4490366
20.1 0.4495701
20.2 0.4501036
20.3 0.4506372
20.4 0.4511707
20.5 0.4517043
20.6 0.4522378
20.7 0.4527714
20.8 0.4533049
20.9 0.4538385
21.0 0.4543721
21.1 0.4549056
21.2 0.4554392
21.3 0.4559727
21.4 0.4565063
21.5 0.4570398
21.6 0.4575734
21.7 0.4581069
21.8 0.4586405
21.9 0.459174
22.0 0.4597075
22.1 0.4602411
22.2 0.4607746
22.3 0.4613081
22.4 0.4618417
22.5 0.4623752
22.6 0.4629088
22.7 0.4634423
22.8 0.4639758
22.9 0.4645094
23.0 0.4650429
23.1 0.4655764
23.2 0.46611
23.3 0.4666435
23.4 0.4671771
23.5 0.4677106
23.6 0.4682441
23.7 0.468535
23.8 0.4686286
23.9 0.4687222
24.0 0.4688159
24.1 0.4689095
24.2 0.4690031
24.3 0.4690967
24.4 0.4691903
24.5 0.4692839
24.6 0.4693775
24.7 0.4694674
24.8 0.4694495
24.9 0.4694316
25.0 0.4694137
25.1 0.4693959
25.2 0.469378
25.3 0.4693601
25.4 0.4693422
25.5 0.4693243
25.6 0.4693064
25.7 0.4692885
25.8 0.4692706
25.9 0.4692528
26.0 0.4692349
26.1 0.469217
26.2 0.4691991
26.3 0.4691813
26.4 0.4691634
26.5 0.4691455
26.6 0.4691276
26.7 0.4691098
26.8 0.4690919
26.9 0.469074
27.0 0.4690561
27.1 0.4690382
27.2 0.4690203
27.3 0.4690025
27.4 0.4689846
27.5 0.4689667
27.6 0.4689488
27.7 0.4689309
27.8 0.468913
27.9 0.4688952
28.0 0.4688773
28.1 0.4688594
28.2 0.4688415
28.3 0.4688236
28.4 0.4688057
28.5 0.4687878
28.6 0.4687699
28.7 0.468752
28.8 0.4687341
28.9 0.4687162
29.0 0.4686984
29.1 0.4686805
29.2 0.4686626
29.3 0.4686447
29.4 0.4686268
29.5 0.4686089
29.6 0.4685911
29.7 0.4685732
29.8 0.4685553
29.9 0.4685374
30.0 0.4685195
30.1 0.4685017
30.2 0.4684838
30.3 0.4684659
30.4 0.468448
30.5 0.4684301
30.6 0.4684122
30.7 0.4683943
30.8 0.4683764
30.9 0.4683586
31.0 0.4683407
31.1 0.4683228
31.2 0.4683049
31.3 0.468287
31.4 0.4682692
31.5 0.4682513
31.6 0.4682334
31.7 0.4682155
31.8 0.4681976
31.9 0.4681797
32.0 0.4681619
32.1 0.468144
32.2 0.4681261
32.3 0.4681082
32.4 0.4680904
32.5 0.4680725
32.6 0.4680546
32.7 0.4680367
32.8 0.4680189
32.9 0.468001
33.0 0.4679831
33.1 0.4679652
33.2 0.4679474
33.3 0.4679295
33.4 0.4679116
33.5 0.4678937
33.6 0.4678758
33.7 0.467858
33.8 0.4678401
33.9 0.4678222
34.0 0.4678043
34.1 0.4677864
34.2 0.4680481
34.3 0.4687956
34.4 0.469543
34.5 0.4702905
34.6 0.471038
34.7 0.4717855
34.8 0.472533
34.9 0.4732805
35.0 0.474028
35.1 0.4747754
35.2 0.4755229
35.3 0.4764571
35.4 0.4774252
35.5 0.4783932
35.6 0.4793613
35.7 0.4803293
35.8 0.4812974
35.9 0.4822655
36.0 0.4832335
36.1 0.4842016
36.2 0.4851696
36.3 0.4861238
36.4 0.4870682
36.5 0.4880126
36.6 0.488957
36.7 0.4899014
36.8 0.4908458
36.9 0.4917902
37.0 0.4927346
37.1 0.493679
37.2 0.4946234
37.3 0.4955678
37.4 0.4965122
37.5 0.4974567
37.6 0.4984011
37.7 0.4993455
37.8 0.5002899
37.9 0.5012343
38.0 0.5021787
38.1 0.5031231
38.2 0.5040676
38.3 0.505012
38.4 0.5059564
38.5 0.5069007
38.6 0.5078451
38.7 0.5087895
38.8 0.5097339
38.9 0.5106783
39.0 0.5116227
39.1 0.5125671
39.2 0.5135114
39.3 0.5144558
39.4 0.5154002
39.5 0.5163446
39.6 0.5172889
39.7 0.5182333
39.8 0.5191777
39.9 0.520122
40.0 0.5210664
40.1 0.5220107
40.2 0.5229551
40.3 0.5238995
40.4 0.5248438
40.5 0.5257882
40.6 0.5267325
40.7 0.5276768
40.8 0.5286212
40.9 0.5295655
41.0 0.5305099
41.1 0.5314542
41.2 0.5323985
41.3 0.5333429
41.4 0.5342872
41.5 0.5352316
41.6 0.5361759
41.7 0.5371203
41.8 0.5380646
41.9 0.5390089
42.0 0.5399533
42.1 0.5408976
42.2 0.541842
42.3 0.5427863
42.4 0.5437307
42.5 0.544675
42.6 0.5456194
42.7 0.5465637
42.8 0.547508
42.9 0.5484523
43.0 0.5493966
43.1 0.5503409
43.2 0.5512852
43.3 0.5522296
43.4 0.5531739
43.5 0.5541182
43.6 0.5550625
43.7 0.5560068
43.8 0.5569511
43.9 0.5578954
44.0 0.5588397
44.1 0.559784
44.2 0.5607283
44.3 0.5616726
44.4 0.5626169
44.5 0.5635612
44.6 0.5645055
44.7 0.5653293
44.8 0.5659969
44.9 0.5666645
45.0 0.5673321
45.1 0.5679997
45.2 0.5686673
45.3 0.5693349
45.4 0.5700025
45.5 0.5706701
45.6 0.5713377
45.7 0.5720053
45.8 0.5726066
45.9 0.5732019
46.0 0.5737972
46.1 0.5743925
46.2 0.5749878
46.3 0.5755831
46.4 0.5761784
46.5 0.5767737
46.6 0.577369
46.7 0.5779643
46.8 0.5785596
46.9 0.5791549
47.0 0.5797502
47.1 0.5803455
47.2 0.5809408
47.3 0.5815361
47.4 0.5821314
47.5 0.5827267
47.6 0.583322
47.7 0.5839173
47.8 0.5845126
47.9 0.5851079
48.0 0.5857032
48.1 0.5862984
48.2 0.5868937
48.3 0.587489
48.4 0.5880843
48.5 0.5886796
48.6 0.5892749
48.7 0.5898702
48.8 0.5904655
48.9 0.5910608
49.0 0.5916561
49.1 0.5922514
49.2 0.5928466
49.3 0.5934419
49.4 0.5940372
49.5 0.5946325
49.6 0.5952278
49.7 0.5958231
49.8 0.5964183
49.9 0.5970136
50.0 0.5976089
