nexoclom2/data/gvalues/Mn.ecsv
# %ECSV 1.0
# ---
# datatype:
# - {name: velocity, unit: km / s, datatype: float64}
# - {name: '4031.9', unit: 1 / s, datatype: float64}
# - {name: '4034.21', unit: 1 / s, datatype: float64}
# - {name: '4035.63', unit: 1 / s, datatype: float64}
# meta: !!omap
# - wavelengths: !!python/tuple
#   - !astropy.units.Quantity
#     unit: &id001 !astropy.units.Unit {unit: Angstrom}
#     value: 4031.9
#   - !astropy.units.Quantity
#     unit: *id001
#     value: 4034.21
#   - !astropy.units.Quantity
#     unit: *id001
#     value: 4035.63
# - __serialized_columns__:
#     '4031.9':
#       __class__: astropy.units.quantity.Quantity
#       unit: !astropy.units.Unit {unit: 1 / s}
#       value: !astropy.table.SerializedColumn {name: '4031.9'}
#     '4034.21':
#       __class__: astropy.units.quantity.Quantity
#       unit: !astropy.units.Unit {unit: 1 / s}
#       value: !astropy.table.SerializedColumn {name: '4034.21'}
#     '4035.63':
#       __class__: astropy.units.quantity.Quantity
#       unit: !astropy.units.Unit {unit: 1 / s}
#       value: !astropy.table.SerializedColumn {name: '4035.63'}
#     velocity:
#       __class__: astropy.units.quantity.Quantity
#       unit: !astropy.units.Unit {unit: km / s}
#       value: !astropy.table.SerializedColumn {name: velocity}
# schema: astropy-2.0
velocity 4031.9 4034.21 4035.63
-50.0 2.709739 1.934162 1.144596
-49.9 2.710316 1.933038 1.142847
-49.8 2.711179 1.931914 1.141097
-49.7 2.712666 1.927398 1.138856
-49.6 2.714152 1.922866 1.136466
-49.5 2.715639 1.918333 1.134076
-49.4 2.717125 1.913801 1.131686
-49.3 2.718612 1.909269 1.129296
-49.2 2.720099 1.904736 1.126906
-49.1 2.721585 1.900204 1.124517
-49.0 2.722747 1.893202 1.122107
-48.9 2.723861 1.884231 1.119659
-48.8 2.724975 1.87526 1.117211
-48.7 2.726089 1.866288 1.114763
-48.6 2.727203 1.857317 1.112314
-48.5 2.728317 1.848346 1.109866
-48.4 2.729431 1.839375 1.107418
-48.3 2.729746 1.82985 1.10497
-48.2 2.728998 1.816166 1.102974
-48.1 2.728249 1.802483 1.101031
-48.0 2.727501 1.788799 1.099087
-47.9 2.726753 1.775116 1.097144
-47.8 2.726005 1.761432 1.095201
-47.7 2.725257 1.747749 1.093258
-47.6 2.724509 1.734065 1.091314
-47.5 2.720821 1.717637 1.089773
-47.4 2.717093 1.69991 1.088703
-47.3 2.713365 1.682183 1.087634
-47.2 2.709638 1.664456 1.086565
-47.1 2.70591 1.646729 1.085495
-47.0 2.702182 1.629003 1.084426
-46.9 2.698454 1.611276 1.083357
-46.8 2.692702 1.593147 1.082316
-46.7 2.685249 1.573749 1.08247
-46.6 2.677797 1.55435 1.082624
-46.5 2.670345 1.534951 1.082778
-46.4 2.662892 1.515553 1.082932
-46.3 2.65544 1.496154 1.083086
-46.2 2.647988 1.476755 1.083241
-46.1 2.640165 1.457356 1.083395
-46.0 2.629029 1.439761 1.084313
-45.9 2.617894 1.422612 1.085768
-45.8 2.606758 1.405464 1.087223
-45.7 2.595623 1.388315 1.088678
-45.6 2.584487 1.371167 1.090133
-45.5 2.573351 1.354018 1.091588
-45.4 2.562216 1.33687 1.093043
-45.3 2.549475 1.321915 1.094669
-45.2 2.535898 1.310817 1.09725
-45.1 2.522321 1.299719 1.099832
-45.0 2.508745 1.28862 1.102413
-44.9 2.495168 1.277522 1.104995
-44.8 2.481591 1.266424 1.107576
-44.7 2.468015 1.255325 1.110157
-44.6 2.454491 1.244227 1.112739
-44.5 2.441163 1.240151 1.115862
-44.4 2.427834 1.236654 1.119201
-44.3 2.414506 1.233156 1.122539
-44.2 2.401177 1.229658 1.125878
-44.1 2.387849 1.226161 1.129217
-44.0 2.37452 1.222663 1.132556
-43.9 2.361192 1.219165 1.135894
-43.8 2.351345 1.218382 1.139276
-43.7 2.342527 1.220478 1.14277
-43.6 2.33371 1.222575 1.146265
-43.5 2.324893 1.224671 1.149759
-43.4 2.316076 1.226767 1.153253
-43.3 2.307258 1.228863 1.156747
-43.2 2.298441 1.23096 1.160241
-43.1 2.292127 1.233114 1.163735
-43.0 2.290924 1.236457 1.167032
-42.9 2.289721 1.239799 1.170293
-42.8 2.288518 1.243142 1.173554
-42.7 2.287315 1.246485 1.176815
-42.6 2.286113 1.249827 1.180076
-42.5 2.28491 1.25317 1.183337
-42.4 2.283707 1.256513 1.186598
-42.3 2.288185 1.257897 1.189653
-42.2 2.293397 1.258017 1.192409
-42.1 2.298608 1.258137 1.195165
-42.0 2.30382 1.258257 1.197921
-41.9 2.309031 1.258377 1.200677
-41.8 2.314242 1.258497 1.203433
-41.7 2.319454 1.258617 1.206189
-41.6 2.325288 1.257884 1.208945
-41.5 2.331906 1.252958 1.211098
-41.4 2.338525 1.248032 1.213233
-41.3 2.345143 1.243105 1.215367
-41.2 2.351761 1.238179 1.217502
-41.1 2.358379 1.233253 1.219636
-41.0 2.364998 1.228326 1.221771
-40.9 2.371616 1.2234 1.223905
-40.8 2.373228 1.216764 1.225728
-40.7 2.374839 1.209497 1.22728
-40.6 2.37645 1.20223 1.228832
-40.5 2.378061 1.194962 1.230384
-40.4 2.379672 1.187695 1.231936
-40.3 2.381283 1.180428 1.233488
-40.2 2.382894 1.173161 1.23504
-40.1 2.37909 1.166825 1.236548
-40.0 2.370976 1.16275 1.237654
-39.9 2.362863 1.158675 1.238759
-39.8 2.354749 1.1546 1.239864
-39.7 2.346636 1.150525 1.24097
-39.6 2.338522 1.14645 1.242075
-39.5 2.330409 1.142375 1.24318
-39.4 2.320999 1.1383 1.244286
-39.3 2.301506 1.141226 1.245082
-39.2 2.282013 1.145358 1.245722
-39.1 2.26252 1.149491 1.246361
-39.0 2.243027 1.153624 1.247
-38.9 2.223534 1.157757 1.24764
-38.8 2.204041 1.16189 1.248279
-38.7 2.184547 1.166023 1.248919
-38.6 2.158835 1.173946 1.249474
-38.5 2.130074 1.187229 1.249745
-38.4 2.101312 1.200513 1.250015
-38.3 2.07255 1.213796 1.250285
-38.2 2.043788 1.22708 1.250556
-38.1 2.015026 1.240363 1.250826
-38.0 1.986265 1.253647 1.251096
-37.9 1.95688 1.26693 1.251367
-37.8 1.925388 1.286173 1.251392
-37.7 1.893896 1.305566 1.251351
-37.6 1.862403 1.32496 1.251311
-37.5 1.830911 1.344353 1.251271
-37.4 1.799419 1.363746 1.25123
-37.3 1.767926 1.383139 1.25119
-37.2 1.736434 1.402532 1.25115
-37.1 1.710399 1.422513 1.250996
-37.0 1.685859 1.443 1.250637
-36.9 1.661319 1.463488 1.250277
-36.8 1.636779 1.483975 1.249917
-36.7 1.612239 1.504462 1.249558
-36.6 1.587698 1.52495 1.249198
-36.5 1.563158 1.545437 1.248838
-36.4 1.544181 1.565629 1.248452
-36.3 1.535903 1.583107 1.247829
-36.2 1.527626 1.600584 1.247206
-36.1 1.519348 1.618062 1.246584
-36.0 1.51107 1.635539 1.245961
-35.9 1.502792 1.653016 1.245338
-35.8 1.494515 1.670494 1.244715
-35.7 1.486237 1.687971 1.244092
-35.6 1.495468 1.702362 1.243263
-35.5 1.506663 1.715158 1.24233
-35.4 1.517858 1.727954 1.241396
-35.3 1.529054 1.740749 1.240463
-35.2 1.540249 1.753545 1.239529
-35.1 1.551444 1.766341 1.238596
-35.0 1.56264 1.779137 1.237663
-34.9 1.583186 1.790974 1.236632
-34.8 1.609046 1.799422 1.235271
-34.7 1.634905 1.807871 1.233911
-34.6 1.660765 1.816319 1.23255
-34.5 1.686624 1.824768 1.23119
-34.4 1.712484 1.833216 1.229829
-34.3 1.738344 1.841665 1.228469
-34.2 1.765524 1.850113 1.227108
-34.1 1.79817 1.856304 1.225287
-34.0 1.830815 1.861865 1.223344
-33.9 1.86346 1.867426 1.2214
-33.8 1.896105 1.872986 1.219457
-33.7 1.928751 1.878547 1.217514
-33.6 1.961396 1.884108 1.215571
-33.5 1.994041 1.889669 1.213628
-33.4 2.024975 1.894708 1.211464
-33.3 2.055344 1.898748 1.2089
-33.2 2.085712 1.902789 1.206335
-33.1 2.116081 1.90683 1.203771
-33.0 2.146449 1.91087 1.201207
-32.9 2.176818 1.914911 1.198642
-32.8 2.207187 1.918952 1.196078
-32.7 2.235128 1.922992 1.193513
-32.6 2.257634 1.926291 1.190414
-32.5 2.280141 1.929511 1.187267
-32.4 2.302648 1.93273 1.18412
-32.3 2.325155 1.93595 1.180974
-32.2 2.347661 1.93917 1.177827
-32.1 2.370168 1.94239 1.17468
-32.0 2.392675 1.94561 1.171533
-31.9 2.406833 1.948504 1.168255
-31.8 2.419699 1.951025 1.164837
-31.7 2.432564 1.953547 1.161418
-31.6 2.445429 1.956068 1.157999
-31.5 2.458294 1.958589 1.154581
-31.4 2.471159 1.961111 1.151162
-31.3 2.484025 1.963632 1.147743
-31.2 2.493163 1.965957 1.144328
-31.1 2.497215 1.967535 1.140988
-31.0 2.501267 1.969114 1.137647
-30.9 2.505319 1.970692 1.134306
-30.8 2.509371 1.97227 1.130965
-30.7 2.513422 1.973849 1.127624
-30.6 2.517474 1.975427 1.124283
-30.5 2.521526 1.977005 1.120942
-30.4 2.518726 1.977905 1.117957
-30.3 2.515786 1.978602 1.115199
-30.2 2.512845 1.979299 1.112441
-30.1 2.509904 1.979995 1.109683
-30.0 2.506964 1.980692 1.106924
-29.9 2.504023 1.981389 1.104166
-29.8 2.501083 1.982086 1.101408
-29.7 2.495409 1.982571 1.098796
-29.6 2.487379 1.98263 1.096872
-29.5 2.47935 1.982688 1.094949
-29.4 2.47132 1.982747 1.093025
-29.3 2.46329 1.982805 1.091102
-29.2 2.45526 1.982864 1.089178
-29.1 2.44723 1.982923 1.087255
-29.0 2.43892 1.982981 1.085332
-28.9 2.427911 1.982714 1.084039
-28.8 2.416902 1.982408 1.08297
-28.7 2.405893 1.982101 1.081901
-28.6 2.394885 1.981795 1.080832
-28.5 2.383876 1.981489 1.079763
-28.4 2.372867 1.981182 1.078694
-28.3 2.361858 1.980876 1.077625
-28.2 2.350688 1.980487 1.076814
-28.1 2.339431 1.979998 1.076599
-28.0 2.328174 1.97951 1.076385
-27.9 2.316917 1.979021 1.07617
-27.8 2.30566 1.978532 1.075955
-27.7 2.294404 1.978044 1.07574
-27.6 2.283147 1.977555 1.075525
-27.5 2.272406 1.977066 1.075311
-27.4 2.263632 1.976547 1.07592
-27.3 2.254858 1.976028 1.076657
-27.2 2.246084 1.975509 1.077393
-27.1 2.23731 1.97499 1.07813
-27.0 2.228536 1.974471 1.078866
-26.9 2.219761 1.973952 1.079602
-26.8 2.210987 1.973433 1.080339
-26.7 2.205379 1.972914 1.080983
-26.6 2.200742 1.972395 1.081506
-26.5 2.196105 1.971875 1.082029
-26.4 2.191469 1.971356 1.082552
-26.3 2.186832 1.970837 1.083075
-26.2 2.182196 1.970318 1.083598
-26.1 2.177559 1.969799 1.084121
-26.0 2.174469 1.969242 1.084644
-25.9 2.174632 1.96845 1.085785
-25.8 2.174795 1.967657 1.086929
-25.7 2.174958 1.966864 1.088074
-25.6 2.175121 1.966072 1.089218
-25.5 2.175284 1.965279 1.090362
-25.4 2.175447 1.964487 1.091506
-25.3 2.17561 1.963694 1.09265
-25.2 2.179556 1.962668 1.094109
-25.1 2.184021 1.961541 1.095816
-25.0 2.188487 1.960414 1.097523
-24.9 2.192953 1.959287 1.09923
-24.8 2.197418 1.958161 1.100937
-24.7 2.201884 1.957034 1.102645
-24.6 2.20635 1.955907 1.104352
-24.5 2.212025 1.954701 1.10609
-24.4 2.219262 1.95327 1.108049
-24.3 2.2265 1.951839 1.110009
-24.2 2.233738 1.950408 1.111968
-24.1 2.240975 1.948977 1.113928
-24.0 2.248213 1.947546 1.115887
-23.9 2.255451 1.946115 1.117847
-23.8 2.262688 1.944685 1.119806
-23.7 2.27083 1.942979 1.121593
-23.6 2.278977 1.941214 1.1233
-23.5 2.287125 1.939449 1.125007
-23.4 2.295273 1.937684 1.126714
-23.3 2.30342 1.935919 1.128421
-23.2 2.311568 1.934154 1.130128
-23.1 2.319716 1.932389 1.131836
-23.0 2.32759 1.930496 1.133383
-22.9 2.335241 1.928396 1.134449
-22.8 2.342893 1.926297 1.135515
-22.7 2.350544 1.924197 1.136582
-22.6 2.358195 1.922098 1.137648
-22.5 2.365846 1.919998 1.138714
-22.4 2.373497 1.917899 1.139781
-22.3 2.380971 1.915799 1.140847
-22.2 2.386967 1.913413 1.141218
-22.1 2.392963 1.911009 1.14143
-22.0 2.398959 1.908606 1.141643
-21.9 2.404955 1.906203 1.141855
-21.8 2.410951 1.903799 1.142067
-21.7 2.416948 1.901396 1.142279
-21.6 2.422944 1.898992 1.142492
-21.5 2.427428 1.896343 1.142366
-21.4 2.431148 1.893454 1.141685
-21.3 2.434869 1.890564 1.141005
-21.2 2.438589 1.887675 1.140324
-21.1 2.44231 1.884785 1.139643
-21.0 2.44603 1.881896 1.138963
-20.9 2.44975 1.879006 1.138282
-20.8 2.452931 1.876058 1.137601
-20.7 2.45421 1.872287 1.136225
-20.6 2.45549 1.868516 1.134807
-20.5 2.45677 1.864745 1.133388
-20.4 2.458049 1.860974 1.13197
-20.3 2.459329 1.857203 1.130551
-20.2 2.460609 1.853432 1.129133
-20.1 2.461889 1.849661 1.127714
-20.0 2.461429 1.844974 1.126148
-19.9 2.460474 1.839744 1.124439
-19.8 2.45952 1.834515 1.122729
-19.7 2.458565 1.829285 1.121019
-19.6 2.457611 1.824055 1.11931
-19.5 2.456656 1.818825 1.1176
-19.4 2.455702 1.813595 1.11589
-19.3 2.454081 1.808015 1.114189
-19.2 2.451141 1.800932 1.112596
-19.1 2.448201 1.793848 1.111002
-19.0 2.44526 1.786765 1.109409
-18.9 2.44232 1.779681 1.107816
-18.8 2.43938 1.772597 1.106223
-18.7 2.43644 1.765514 1.104629
-18.6 2.433499 1.75843 1.103036
-18.5 2.428787 1.749773 1.101695
-18.4 2.423861 1.740593 1.1005
-18.3 2.418935 1.731412 1.099305
-18.2 2.414009 1.722232 1.09811
-18.1 2.409083 1.713051 1.096914
-18.0 2.404157 1.70387 1.095719
-17.9 2.399231 1.69469 1.094524
-17.8 2.393412 1.685026 1.093597
-17.7 2.386501 1.674296 1.093111
-17.6 2.379589 1.663566 1.092624
-17.5 2.372677 1.652835 1.092138
-17.4 2.365766 1.642105 1.091651
-17.3 2.358854 1.631374 1.091165
-17.2 2.351942 1.620644 1.090678
-17.1 2.345014 1.609914 1.090191
-17.0 2.335513 1.598945 1.090455
-16.9 2.326011 1.587941 1.090765
-16.8 2.31651 1.576937 1.091074
-16.7 2.307009 1.565933 1.091383
-16.6 2.297508 1.55493 1.091693
-16.5 2.288006 1.543926 1.092002
-16.4 2.278505 1.532922 1.092311
-16.3 2.26708 1.52246 1.092926
-16.2 2.254998 1.512702 1.093837
-16.1 2.242915 1.502944 1.094748
-16.0 2.230833 1.493187 1.095659
-15.9 2.218751 1.483429 1.09657
-15.8 2.206668 1.473672 1.097481
-15.7 2.194586 1.463914 1.098392
-15.6 2.181391 1.454157 1.099309
-15.5 2.165626 1.446184 1.100297
-15.4 2.149862 1.43822 1.101286
-15.3 2.134098 1.430256 1.102275
-15.2 2.118334 1.422291 1.103263
-15.1 2.102569 1.414327 1.104252
-15.0 2.086805 1.406363 1.105241
-14.9 2.071041 1.398398 1.106229
-14.8 2.051296 1.390688 1.106923
-14.7 2.030899 1.38318 1.107445
-14.6 2.010502 1.375672 1.107968
-14.5 1.990105 1.368163 1.108491
-14.4 1.969708 1.360655 1.109014
-14.3 1.949311 1.353147 1.109537
-14.2 1.928914 1.345639 1.11006
-14.1 1.906278 1.337891 1.110398
-14.0 1.880504 1.328346 1.109989
-13.9 1.854729 1.318802 1.10958
-13.8 1.828954 1.309258 1.109171
-13.7 1.80318 1.299714 1.108762
-13.6 1.777405 1.290169 1.108353
-13.5 1.75163 1.280625 1.107944
-13.4 1.725856 1.271081 1.107535
-13.3 1.695129 1.258307 1.106238
-13.2 1.664267 1.244007 1.104664
-13.1 1.633405 1.229708 1.103091
-13.0 1.602542 1.215408 1.101517
-12.9 1.57168 1.201109 1.099943
-12.8 1.540817 1.186809 1.09837
-12.7 1.509955 1.17251 1.096796
-12.6 1.47793 1.156421 1.094836
-12.5 1.444876 1.137882 1.092078
-12.4 1.411822 1.119342 1.089321
-12.3 1.378767 1.100803 1.086563
-12.2 1.345713 1.082263 1.083805
-12.1 1.312659 1.063724 1.081047
-12.0 1.279605 1.045185 1.07829
-11.9 1.246814 1.026645 1.075532
-11.8 1.21678 1.006104 1.071668
-11.7 1.186747 0.9855287 1.067668
-11.6 1.156713 0.9649535 1.063668
-11.5 1.126679 0.9443782 1.059668
-11.4 1.096645 0.9238029 1.055668
-11.3 1.066611 0.9032277 1.051668
-11.2 1.036577 0.8826524 1.047669
-11.1 1.011875 0.8633846 1.043096
-11.0 0.9901153 0.8452105 1.037834
-10.9 0.9683552 0.8270364 1.032572
-10.8 0.9465951 0.8088624 1.027311
-10.7 0.924835 0.7906883 1.022049
-10.6 0.9030749 0.7725142 1.016787
-10.5 0.8813148 0.7543401 1.011526
-10.4 0.86183 0.7368218 1.006238
-10.3 0.8513633 0.7248475 0.9995598
-10.2 0.8408967 0.7128731 0.9928812
-10.1 0.83043 0.7008988 0.9862026
-10.0 0.8199633 0.6889244 0.979524
-9.9 0.8094966 0.6769501 0.9728454
-9.8 0.7990299 0.6649758 0.9661668
-9.7 0.7885632 0.6530014 0.9594882
-9.6 0.7848112 0.6453856 0.9518721
-9.5 0.783197 0.6399451 0.9435826
-9.4 0.7815828 0.6345047 0.9352931
-9.3 0.7799686 0.6290643 0.9270036
-9.2 0.7783544 0.6236239 0.9187142
-9.1 0.7767402 0.6181834 0.9104247
-9.0 0.775126 0.612743 0.9021352
-8.9 0.7746343 0.6081006 0.8935851
-8.8 0.7765775 0.606155 0.8835099
-8.7 0.7785208 0.6042094 0.8734347
-8.6 0.7804641 0.6022637 0.8633594
-8.5 0.7824074 0.6003181 0.8532842
-8.4 0.7843506 0.5983725 0.843209
-8.3 0.7862939 0.5964269 0.8331338
-8.2 0.7882372 0.5944813 0.8230585
-8.1 0.7885562 0.5918398 0.8118536
-8.0 0.7886379 0.589013 0.8001869
-7.9 0.7887197 0.5861861 0.7885203
-7.8 0.7888014 0.5833593 0.7768536
-7.7 0.7888832 0.5805324 0.7651869
-7.6 0.788965 0.5777055 0.7535202
-7.5 0.7890467 0.5748787 0.7418536
-7.4 0.7866228 0.5705057 0.7297618
-7.3 0.7808722 0.5632726 0.7165426
-7.2 0.7751216 0.5560395 0.7033233
-7.1 0.769371 0.5488064 0.690104
-7.0 0.7636204 0.5415733 0.6768847
-6.9 0.7578698 0.5343402 0.6636654
-6.8 0.7521192 0.5271071 0.6504461
-6.7 0.7463686 0.519874 0.6372268
-6.6 0.7335574 0.5080118 0.6231623
-6.5 0.7206508 0.495704 0.608934
-6.4 0.7077442 0.4833962 0.5947056
-6.3 0.6948376 0.4710884 0.5804773
-6.2 0.681931 0.4587806 0.566249
-6.1 0.6690244 0.4464727 0.5520206
-6.0 0.6561178 0.4341649 0.5377923
-5.9 0.6404002 0.4207206 0.5233536
-5.8 0.6223233 0.4060124 0.5086014
-5.7 0.6042465 0.3913041 0.4938491
-5.6 0.5861696 0.3765959 0.4790969
-5.5 0.5680928 0.3618877 0.4643447
-5.4 0.5500159 0.3471794 0.4495925
-5.3 0.5319391 0.3324712 0.4348403
-5.2 0.5137664 0.31782 0.420088
-5.1 0.4947385 0.3047529 0.4055048
-5.0 0.4757107 0.2916859 0.3909275
-4.9 0.4566828 0.2786188 0.3763502
-4.8 0.437655 0.2655518 0.361773
-4.7 0.4186271 0.2524847 0.3471957
-4.6 0.3995992 0.2394177 0.3326185
-4.5 0.3805714 0.2263506 0.3180412
-4.4 0.3638564 0.2156925 0.3043479
-4.3 0.3483447 0.2066673 0.2914401
-4.2 0.332833 0.197642 0.2785323
-4.1 0.3173214 0.1886167 0.2656246
-4.0 0.3018097 0.1795914 0.2527168
-3.9 0.286298 0.1705661 0.239809
-3.8 0.2707863 0.1615408 0.2269013
-3.7 0.2563942 0.1531608 0.2142943
-3.6 0.2460946 0.148238 0.2046087
-3.5 0.2357949 0.1433151 0.1949232
-3.4 0.2254952 0.1383922 0.1852376
-3.3 0.2151956 0.1334693 0.175552
-3.2 0.2048959 0.1285464 0.1658664
-3.1 0.1945962 0.1236235 0.1561808
-3.0 0.1842965 0.1187006 0.1464953
-2.9 0.1775407 0.115612 0.1392209
-2.8 0.1718325 0.1132417 0.1332039
-2.7 0.1661242 0.1108714 0.1271868
-2.6 0.160416 0.108501 0.1211698
-2.5 0.1547078 0.1061307 0.1151527
-2.4 0.1489995 0.1037604 0.1091357
-2.3 0.1432913 0.1013901 0.1031186
-2.2 0.1385217 0.09941952 0.09773696
-2.1 0.1356675 0.09847742 0.09459256
-2.0 0.1328134 0.09753531 0.09144817
-1.9 0.1299592 0.09659321 0.08830377
-1.8 0.1271051 0.0956511 0.08515938
