nexoclom2/data/gvalues/Mn.ecsv
# %ECSV 1.0
# ---
# datatype:
# - {name: velocity, unit: km / s, datatype: float64}
# - {name: '4031.9', unit: 1 / s, datatype: float64}
# - {name: '4034.21', unit: 1 / s, datatype: float64}
# - {name: '4035.63', unit: 1 / s, datatype: float64}
# meta: !!omap
# - wavelengths: !!python/tuple
#   - !astropy.units.Quantity
#     unit: &id001 !astropy.units.Unit {unit: Angstrom}
#     value: 4031.9
#   - !astropy.units.Quantity
#     unit: *id001
#     value: 4034.21
#   - !astropy.units.Quantity
#     unit: *id001
#     value: 4035.63
# - __serialized_columns__:
#     '4031.9':
#       __class__: astropy.units.quantity.Quantity
#       unit: !astropy.units.Unit {unit: 1 / s}
#       value: !astropy.table.SerializedColumn {name: '4031.9'}
#     '4034.21':
#       __class__: astropy.units.quantity.Quantity
#       unit: !astropy.units.Unit {unit: 1 / s}
#       value: !astropy.table.SerializedColumn {name: '4034.21'}
#     '4035.63':
#       __class__: astropy.units.quantity.Quantity
#       unit: !astropy.units.Unit {unit: 1 / s}
#       value: !astropy.table.SerializedColumn {name: '4035.63'}
#     velocity:
#       __class__: astropy.units.quantity.Quantity
#       unit: !astropy.units.Unit {unit: km / s}
#       value: !astropy.table.SerializedColumn {name: velocity}
# schema: astropy-2.0
velocity 4031.9 4034.21 4035.63
[from data line 484]
-1.6 0.1213968 0.09376689 0.07887059
-1.5 0.1185426 0.09282479 0.0757262
-1.4 0.1170077 0.09257281 0.07393804
-1.3 0.1156426 0.09245115 0.0725211
-1.2 0.1142775 0.0923295 0.07110416
-1.1 0.1129124 0.09220784 0.06968722
-1.0 0.1115474 0.09208619 0.06827028
-0.9 0.1101823 0.09196454 0.06685334
-0.8 0.1088172 0.09184288 0.0654364
-0.7 0.1078186 0.09206362 0.06439205
-0.6 0.1072807 0.09279277 0.06404261
-0.5 0.1067429 0.09352192 0.06369317
-0.4 0.1062051 0.09425107 0.06334373
-0.3 0.1056673 0.09498022 0.06299429
-0.2 0.1051294 0.09570938 0.06264485
-0.1 0.1045916 0.09643853 0.06229541
0.0 0.1040538 0.09716768 0.06194598
0.1 0.1044673 0.09912672 0.06235138
0.2 0.1048807 0.1011321 0.06282876
0.3 0.1052942 0.1031374 0.06330614
0.4 0.1057077 0.1051428 0.06378352
0.5 0.1061212 0.1071481 0.0642609
0.6 0.1065347 0.1091535 0.06473829
0.7 0.1069482 0.1111588 0.06521567
0.8 0.1079607 0.1141692 0.06634969
0.9 0.1094495 0.1180887 0.06782465
1.0 0.1109384 0.1220083 0.06929962
1.1 0.1124272 0.1259279 0.07077458
1.2 0.1139161 0.1298475 0.07224955
1.3 0.115405 0.1337671 0.07372451
1.4 0.1168938 0.1376867 0.07519948
1.5 0.1185852 0.1418107 0.07701505
1.6 0.1218494 0.1481003 0.08002324
1.7 0.1251136 0.1543899 0.08303144
1.8 0.1283778 0.1606795 0.08603964
1.9 0.1316421 0.1669691 0.08904784
2.0 0.1349063 0.1732587 0.09205603
2.1 0.1381705 0.1795482 0.09506423
2.2 0.1414347 0.1858378 0.09807243
2.3 0.1472407 0.193603 0.1027282
2.4 0.1534859 0.2021713 0.1078324
2.5 0.159731 0.2107397 0.1129367
2.6 0.1659762 0.219308 0.1180409
2.7 0.1722214 0.2278763 0.1231451
2.8 0.1784666 0.2364446 0.1282493
2.9 0.1847118 0.2450129 0.1333535
3.0 0.1926514 0.2538985 0.1392049
3.1 0.2030324 0.2639859 0.1464439
3.2 0.2134134 0.2740733 0.1536829
3.3 0.2237944 0.2841608 0.1609219
3.4 0.2341755 0.2942482 0.1681609
3.5 0.2445565 0.3043356 0.1753999
3.6 0.2549375 0.314423 0.1826389
3.7 0.2653185 0.3245104 0.1898779
3.8 0.2802175 0.3350891 0.1983761
3.9 0.2952719 0.3458144 0.2069929
4.0 0.3103263 0.3565397 0.2156098
4.1 0.3253808 0.367265 0.2242266
4.2 0.3404352 0.3779903 0.2328434
4.3 0.3554896 0.3887157 0.2414602
4.4 0.3705441 0.399441 0.250077
4.5 0.3876563 0.410287 0.2587865
4.6 0.4066395 0.4213768 0.2675973
4.7 0.4256228 0.4324665 0.276408
4.8 0.444606 0.4435563 0.2852188
4.9 0.4635892 0.454646 0.2940296
5.0 0.4825725 0.4657357 0.3028403
5.1 0.5015557 0.4768255 0.3116511
5.2 0.520706 0.4879152 0.3204295
5.3 0.5417569 0.5000585 0.3284638
5.4 0.5628077 0.5123285 0.3364981
5.5 0.5838586 0.5245984 0.3445324
5.6 0.6049094 0.5368684 0.3525667
5.7 0.6259603 0.5491383 0.360601
5.8 0.6470112 0.5614082 0.3686353
5.9 0.668062 0.5736782 0.3766695
6.0 0.68935 0.5867811 0.3842101
6.1 0.7107727 0.6003618 0.3914292
6.2 0.7321954 0.6139426 0.3986482
6.3 0.7536181 0.6275234 0.4058673
6.4 0.7750407 0.6411042 0.4130864
6.5 0.7964634 0.654685 0.4203055
6.6 0.8178861 0.6682658 0.4275245
6.7 0.8391959 0.6821394 0.4347107
6.8 0.8600392 0.6972087 0.4417355
6.9 0.8808825 0.712278 0.4487604
7.0 0.9017257 0.7273474 0.4557852
7.1 0.922569 0.7424167 0.46281
7.2 0.9434123 0.757486 0.4698349
7.3 0.9642556 0.7725554 0.4768597
7.4 0.9850989 0.7876247 0.4838846
7.5 1.005196 0.8032926 0.4914076
7.6 1.025046 0.8191516 0.4991116
7.7 1.044896 0.8350107 0.5068156
7.8 1.064747 0.8508697 0.5145196
7.9 1.084597 0.8667287 0.5222236
8.0 1.104447 0.8825878 0.5299276
8.1 1.124298 0.8984468 0.5376316
8.2 1.143662 0.9142087 0.5457396
8.3 1.161941 0.9297637 0.5548019
8.4 1.180219 0.9453186 0.5638642
8.5 1.198498 0.9608735 0.5729265
8.6 1.216776 0.9764284 0.5819888
8.7 1.235055 0.9919834 0.5910512
8.8 1.253333 1.007538 0.6001135
8.9 1.271611 1.023093 0.6091758
9.0 1.288027 1.038193 0.6194916
9.1 1.304155 1.053231 0.6300093
9.2 1.320282 1.068269 0.6405269
9.3 1.33641 1.083308 0.6510446
9.4 1.352537 1.098346 0.6615623
9.5 1.368665 1.113384 0.6720799
9.6 1.384793 1.128422 0.6825976
9.7 1.399783 1.143313 0.6934287
9.8 1.413222 1.158016 0.7046837
9.9 1.426661 1.17272 0.7159386
10.0 1.4401 1.187424 0.7271935
10.1 1.453539 1.202127 0.7384484
10.2 1.466978 1.216831 0.7497034
10.3 1.480417 1.231535 0.7609583
10.4 1.493856 1.246237 0.7722132
10.5 1.504052 1.260484 0.7832184
10.6 1.514183 1.274732 0.7942208
10.7 1.524313 1.28898 0.8052231
10.8 1.534444 1.303227 0.8162255
10.9 1.544575 1.317475 0.8272279
11.0 1.554705 1.331723 0.8382303
11.1 1.564836 1.34597 0.8492327
11.2 1.572945 1.359601 0.8594623
11.3 1.579311 1.372755 0.8690673
11.4 1.585678 1.385908 0.8786724
11.5 1.592045 1.399062 0.8882774
11.6 1.598412 1.412216 0.8978825
11.7 1.604779 1.42537 0.9074875
11.8 1.611145 1.438523 0.9170926
11.9 1.617103 1.451456 0.9264297
12.0 1.619128 1.462847 0.9337446
12.1 1.621153 1.474238 0.9410596
12.2 1.623177 1.48563 0.9483745
12.3 1.625202 1.497021 0.9556894
12.4 1.627226 1.508412 0.9630043
12.5 1.629251 1.519804 0.9703192
12.6 1.631275 1.531195 0.9776342
12.7 1.630014 1.541104 0.9829406
12.8 1.626993 1.550338 0.9873058
12.9 1.623973 1.559572 0.9916709
13.0 1.620952 1.568806 0.9960361
13.1 1.617931 1.578041 1.000401
13.2 1.61491 1.587275 1.004766
13.3 1.611889 1.596509 1.009132
13.4 1.607602 1.60523 1.012703
13.5 1.598502 1.612398 1.013828
13.6 1.589403 1.619566 1.014952
13.7 1.580303 1.626734 1.016076
13.8 1.571203 1.633902 1.017201
13.9 1.562103 1.64107 1.018325
14.0 1.553003 1.648239 1.01945
14.1 1.543903 1.655407 1.020574
14.2 1.529613 1.661197 1.01903
14.3 1.513731 1.666664 1.016856
14.4 1.497849 1.67213 1.014681
14.5 1.481967 1.677597 1.012506
14.6 1.466085 1.683063 1.010332
14.7 1.450203 1.68853 1.008157
14.8 1.434322 1.693996 1.005982
14.9 1.416067 1.699035 1.002644
15.0 1.392825 1.703347 0.9973448
15.1 1.369583 1.707659 0.992046
15.2 1.34634 1.711971 0.9867472
15.3 1.323098 1.716283 0.9814485
15.4 1.299855 1.720595 0.9761497
15.5 1.276613 1.724907 0.9708509
15.6 1.253371 1.729219 0.9655522
15.7 1.225074 1.732823 0.9578726
15.8 1.196084 1.736375 0.9500318
15.9 1.167094 1.739927 0.9421909
16.0 1.138104 1.74348 0.9343501
16.1 1.109114 1.747032 0.9265093
16.2 1.080123 1.750585 0.9186685
16.3 1.051133 1.754137 0.9108277
16.4 1.021187 1.75748 0.9023168
16.5 0.9900056 1.760607 0.8931372
16.6 0.9588242 1.763734 0.8839576
16.7 0.9276428 1.766861 0.874778
16.8 0.8964614 1.769988 0.8655984
16.9 0.86528 1.773115 0.8564188
17.0 0.8340986 1.776242 0.8472391
17.1 0.8029172 1.779349 0.838072
17.2 0.7749818 1.782111 0.8290867
17.3 0.7470679 1.784874 0.8201013
17.4 0.719154 1.787636 0.8111159
17.5 0.6912401 1.790398 0.8021305
17.6 0.6633262 1.793161 0.7931451
17.7 0.6354123 1.795923 0.7841597
17.8 0.6074984 1.798686 0.7751743
17.9 0.5841826 1.801186 0.7673961
18.0 0.5646223 1.803523 0.760332
18.1 0.545062 1.80586 0.7532679
18.2 0.5255017 1.808197 0.7462038
18.3 0.5059413 1.810534 0.7391396
18.4 0.486381 1.812871 0.7320755
18.5 0.4668207 1.815208 0.7250114
18.6 0.448345 1.817438 0.7185711
18.7 0.4388749 1.819167 0.7147515
18.8 0.4294048 1.820897 0.7109319
18.9 0.4199347 1.822626 0.7071123
19.0 0.4104646 1.824356 0.7032927
19.1 0.4009945 1.826085 0.6994731
19.2 0.3915244 1.827814 0.6956535
19.3 0.3820543 1.829544 0.6918339
19.4 0.3789869 1.830668 0.6920311
19.5 0.3791519 1.831577 0.692496
19.6 0.3793169 1.832486 0.6929609
19.7 0.3794818 1.833395 0.6934257
19.8 0.3796468 1.834304 0.6938906
19.9 0.3798117 1.835213 0.6943555
20.0 0.3799767 1.836122 0.6948203
20.1 0.3821709 1.836722 0.6974745
20.2 0.3914951 1.836598 0.7023053
20.3 0.4008193 1.836475 0.7071361
20.4 0.4101435 1.836351 0.7119668
20.5 0.4194677 1.836227 0.7167976
20.6 0.428792 1.836104 0.7216284
20.7 0.4381162 1.83598 0.7264592
20.8 0.4474404 1.835856 0.7315335
20.9 0.4648041 1.834686 0.7400897
21.0 0.4825017 1.833348 0.7486459
21.1 0.5001992 1.832009 0.7572022
21.2 0.5178968 1.83067 0.7657584
21.3 0.5355944 1.829331 0.7743146
21.4 0.553292 1.827992 0.7828709
21.5 0.5709896 1.826653 0.7914271
21.6 0.5927075 1.824686 0.8014852
21.7 0.6181787 1.821859 0.812428
21.8 0.6436499 1.819031 0.8233709
21.9 0.6691211 1.816204 0.8343137
22.0 0.6945922 1.813376 0.8452565
22.1 0.7200634 1.810549 0.8561994
22.2 0.7455346 1.807722 0.8671422
22.3 0.7713587 1.804894 0.8782312
22.4 0.8015846 1.800214 0.8899305
22.5 0.8318105 1.795504 0.9016297
22.6 0.8620364 1.790793 0.913329
22.7 0.8922622 1.786082 0.9250283
22.8 0.9224881 1.781371 0.9367276
22.9 0.952714 1.776661 0.9484269
23.0 0.9829399 1.77195 0.9601262
23.1 1.014183 1.766047 0.9712818
23.2 1.046022 1.75915 0.982263
23.3 1.07786 1.752252 0.9932442
23.4 1.109698 1.745355 1.004225
23.5 1.141536 1.738457 1.015207
23.6 1.173374 1.731559 1.026188
23.7 1.205212 1.724662 1.037169
23.8 1.23677 1.717448 1.047515
23.9 1.267118 1.707576 1.056517
24.0 1.297467 1.697703 1.065519
24.1 1.327816 1.687831 1.074521
24.2 1.358165 1.677958 1.083522
24.3 1.388514 1.668086 1.092524
24.4 1.418863 1.658213 1.101526
24.5 1.449212 1.648341 1.110528
24.6 1.476694 1.635527 1.117297
24.7 1.503197 1.62219 1.123777
24.8 1.5297 1.608852 1.130256
24.9 1.556203 1.595515 1.136735
25.0 1.582706 1.582178 1.143214
25.1 1.609208 1.56884 1.149694
25.2 1.635711 1.555503 1.156173
25.3 1.660539 1.540272 1.161476
25.4 1.6815 1.522317 1.165336
25.5 1.702462 1.504363 1.169196
25.6 1.723424 1.486408 1.173056
25.7 1.744385 1.468453 1.176916
25.8 1.765347 1.450499 1.180775
25.9 1.786309 1.432544 1.184635
26.0 1.80727 1.41459 1.188464
26.1 1.822688 1.391501 1.189879
26.2 1.837199 1.368262 1.191294
26.3 1.85171 1.345022 1.192709
26.4 1.866221 1.321783 1.194124
26.5 1.880732 1.298543 1.195539
26.6 1.895243 1.275304 1.196954
26.7 1.909754 1.252065 1.198369
26.8 1.921562 1.226398 1.198497
26.9 1.929581 1.198602 1.197681
27.0 1.9376 1.170807 1.196864
27.1 1.945619 1.143011 1.196048
27.2 1.953639 1.115215 1.195232
27.3 1.961658 1.087419 1.194415
27.4 1.969677 1.059624 1.193599
27.5 1.977696 1.031622 1.192551
27.6 1.979919 1.00164 1.190085
27.7 1.981984 0.9716583 1.18762
27.8 1.984049 0.9416762 1.185154
27.9 1.986114 0.9116941 1.182689
28.0 1.988179 0.8817119 1.180223
28.1 1.990244 0.8517298 1.177758
28.2 1.992309 0.8217477 1.175292
28.3 1.992027 0.7932189 1.172321
28.4 1.989668 0.7654547 1.169138
28.5 1.987309 0.7376905 1.165954
28.6 1.98495 0.7099262 1.162771
28.7 1.982591 0.682162 1.159588
28.8 1.980231 0.6543977 1.156405
28.9 1.977872 0.6266335 1.153221
29.0 1.975354 0.6002639 1.150184
29.1 1.971176 0.5789397 1.147544
29.2 1.966997 0.5576156 1.144904
29.3 1.962819 0.5362914 1.142264
29.4 1.958641 0.5149672 1.139624
29.5 1.954462 0.493643 1.136984
29.6 1.950284 0.4723189 1.134344
29.7 1.946105 0.4509947 1.131704
29.8 1.9427 0.4360737 1.130469
29.9 1.939721 0.4229816 1.129517
30.0 1.936741 0.4098894 1.128565
30.1 1.933762 0.3967973 1.127613
30.2 1.930783 0.3837051 1.126661
30.3 1.927803 0.370613 1.125709
30.4 1.924824 0.3575208 1.124757
30.5 1.92267 0.346973 1.124628
30.6 1.923784 0.3413837 1.125751
30.7 1.924898 0.3357943 1.126875
30.8 1.926012 0.3302049 1.127999
30.9 1.927126 0.3246156 1.129123
31.0 1.92824 0.3190262 1.130247
31.1 1.929354 0.3134368 1.131371
31.2 1.930468 0.3078474 1.132495
31.3 1.935879 0.3081109 1.135091
31.4 1.942658 0.3090218 1.137747
31.5 1.949436 0.3099326 1.140404
31.6 1.956215 0.3108435 1.143061
31.7 1.962993 0.3117544 1.145717
31.8 1.969772 0.3126652 1.148374
31.9 1.97655 0.3135761 1.151031
32.0 1.984934 0.3175581 1.153993
32.1 1.996798 0.3251209 1.157231
32.2 2.008662 0.3326837 1.16047
32.3 2.020525 0.3402465 1.163709
32.4 2.032389 0.3478092 1.166947
32.5 2.044252 0.355372 1.170186
32.6 2.056116 0.3629348 1.173425
32.7 2.06798 0.3706706 1.176633
32.8 2.082297 0.385766 1.179522
32.9 2.096972 0.4008614 1.182411
33.0 2.111647 0.4159569 1.185301
33.1 2.126322 0.4310523 1.18819
33.2 2.140997 0.4461477 1.19108
33.3 2.155672 0.4612432 1.193969
33.4 2.170348 0.4763386 1.196858
33.5 2.184951 0.4959058 1.199179
33.6 2.19946 0.5186551 1.201195
33.7 2.21397 0.5414043 1.203211
33.8 2.228479 0.5641535 1.205227
33.9 2.242988 0.5869027 1.207244
34.0 2.257497 0.6096519 1.20926
34.1 2.272006 0.6324012 1.211276
34.2 2.286516 0.6559548 1.213045
34.3 2.29772 0.6842317 1.213917
34.4 2.30888 0.7125086 1.214789
34.5 2.32004 0.7407856 1.21566
34.6 2.3312 0.7690625 1.216532
34.7 2.34236 0.7973394 1.217403
34.8 2.35352 0.8256163 1.218275
34.9 2.36468 0.8538933 1.219147
35.0 2.372962 0.8832002 1.219141
35.1 2.37883 0.9129343 1.218887
35.2 2.384698 0.9426685 1.218634
35.3 2.390566 0.9724026 1.21838
35.4 2.396434 1.002137 1.218126
35.5 2.402302 1.031871 1.217873
35.6 2.40817 1.061605 1.217619
35.7 2.413388 1.090549 1.217072
35.8 2.412806 1.117337 1.215965
35.9 2.412225 1.144125 1.214858
36.0 2.411643 1.170912 1.21375
36.1 2.411061 1.1977 1.212643
36.2 2.41048 1.224487 1.211536
36.3 2.409898 1.251275 1.210429
36.4 2.409316 1.278063 1.209321
36.5 2.403947 1.299812 1.207915
36.6 2.396089 1.320524 1.206478
36.7 2.388231 1.341237 1.205041
36.8 2.380373 1.361949 1.203604
36.9 2.372515 1.382662 1.202167
37.0 2.364657 1.403374 1.20073
37.1 2.356799 1.424087 1.199292
37.2 2.347146 1.441892 1.198007
37.3 2.330936 1.455163 1.196892
37.4 2.314727 1.468434 1.195777
37.5 2.298518 1.481705 1.194662
37.6 2.282309 1.494976 1.193548
37.7 2.2661 1.508247 1.192433
37.8 2.249891 1.521518 1.191318
37.9 2.233682 1.534789 1.190368
38.0 2.209525 1.540716 1.190018
38.1 2.183022 1.546272 1.189667
38.2 2.156519 1.551828 1.189316
38.3 2.130016 1.557385 1.188966
38.4 2.103513 1.562941 1.188615
38.5 2.07701 1.568497 1.188265
38.6 2.050507 1.574054 1.187914
38.7 2.020049 1.575775 1.187912
38.8 1.981527 1.57386 1.188007
38.9 1.943006 1.571945 1.188103
39.0 1.904484 1.570029 1.188198
39.1 1.865962 1.568114 1.188294
39.2 1.827441 1.566198 1.18839
39.3 1.788919 1.564283 1.188485
39.4 1.749863 1.561822 1.188481
39.5 1.703434 1.552588 1.188285
39.6 1.657005 1.543353 1.18809
39.7 1.610576 1.534118 1.187894
39.8 1.564147 1.524883 1.187699
39.9 1.517718 1.515648 1.187504
40.0 1.471289 1.506414 1.187308
40.1 1.42486 1.497179 1.187113
40.2 1.37851 1.483329 1.186107
40.3 1.332206 1.466836 1.185019
40.4 1.285902 1.450343 1.183931
40.5 1.239599 1.43385 1.182844
40.6 1.193295 1.417356 1.181756
40.7 1.146991 1.400863 1.180668
40.8 1.100688 1.38437 1.17958
40.9 1.05645 1.366578 1.178025
41.0 1.021516 1.343494 1.175948
41.1 0.9865816 1.320411 1.173871
41.2 0.9516474 1.297327 1.171794
41.3 0.9167132 1.274244 1.169717
41.4 0.881779 1.25116 1.16764
41.5 0.8468448 1.228076 1.165563
41.6 0.8119106 1.204993 1.163474
41.7 0.7913307 1.179099 1.161087
41.8 0.7758271 1.152311 1.158699
41.9 0.7603235 1.125522 1.156312
42.0 0.7448199 1.098734 1.153924
42.1 0.7293163 1.071945 1.151537
42.2 0.7138127 1.045156 1.149149
42.3 0.698309 1.018368 1.146762
42.4 0.6891026 0.9918034 1.144875
42.5 0.6948894 0.9657156 1.143322
42.6 0.7006762 0.9396279 1.141769
42.7 0.7064629 0.9135402 1.140215
42.8 0.7122497 0.8874525 1.138662
42.9 0.7180365 0.8613648 1.137109
43.0 0.7238232 0.8352771 1.135555
43.1 0.72961 0.8096778 1.134298
43.2 0.7515435 0.7914244 1.134549
43.3 0.7762638 0.773171 1.1348
43.4 0.8009842 0.7549176 1.135051
43.5 0.8257046 0.7366642 1.135302
43.6 0.850425 0.7184108 1.135553
43.7 0.8751453 0.7001575 1.135804
43.8 0.8998657 0.6819041 1.136055
43.9 0.9307365 0.6707908 1.137803
44.0 0.9704624 0.6639872 1.14011
44.1 1.010188 0.6571835 1.142417
44.2 1.049914 0.6503798 1.144724
44.3 1.08964 0.6435762 1.147031
44.4 1.129366 0.6367725 1.149339
44.5 1.169092 0.6299688 1.151646
44.6 1.208818 0.625462 1.154344
44.7 1.256378 0.6310796 1.157989
44.8 1.304205 0.6366973 1.161635
44.9 1.352033 0.6423149 1.16528
45.0 1.399861 0.6479325 1.168926
45.1 1.447688 0.6535501 1.172571
45.2 1.495516 0.6591677 1.176217
45.3 1.543343 0.6647853 1.179862
45.4 1.591387 0.6782436 1.183724
45.5 1.639627 0.6943689 1.187622
45.6 1.687868 0.7104942 1.191519
45.7 1.736108 0.7266196 1.195417
45.8 1.784348 0.7427449 1.199315
45.9 1.832588 0.7588703 1.203212
46.0 1.880828 0.7749956 1.20711
46.1 1.92853 0.7932779 1.210698
46.2 1.970114 0.8164182 1.213858
46.3 2.011697 0.8395585 1.217019
46.4 2.053281 0.8626988 1.220179
46.5 2.094865 0.885839 1.22334
46.6 2.136449 0.9089793 1.2265
46.7 2.178033 0.9321196 1.22966
46.8 2.219617 0.9552599 1.232821
