nexoclom2/data/gvalues/Na.ecsv
# %ECSV 1.0
# ---
# datatype:
# - {name: velocity, unit: km / s, datatype: float64}
# - {name: '5891.58', unit: 1 / s, datatype: float64}
# - {name: '5897.56', unit: 1 / s, datatype: float64}
# meta: !!omap
# - wavelengths: !!python/tuple
#   - !astropy.units.Quantity
#     unit: &id001 !astropy.units.Unit {unit: Angstrom}
#     value: 5891.58
#   - !astropy.units.Quantity
#     unit: *id001
#     value: 5897.56
# - __serialized_columns__:
#     '5891.58':
#       __class__: astropy.units.quantity.Quantity
#       unit: !astropy.units.Unit {unit: 1 / s}
#       value: !astropy.table.SerializedColumn {name: '5891.58'}
#     '5897.56':
#       __class__: astropy.units.quantity.Quantity
#       unit: !astropy.units.Unit {unit: 1 / s}
#       value: !astropy.table.SerializedColumn {name: '5897.56'}
#     velocity:
#       __class__: astropy.units.quantity.Quantity
#       unit: !astropy.units.Unit {unit: km / s}
#       value: !astropy.table.SerializedColumn {name: velocity}
# schema: astropy-2.0
velocity 5891.58 5897.56
[from data line 690]
19.0 59.46213 34.32175
19.1 59.62398 34.39891
19.2 59.78584 34.47607
19.3 59.9477 34.55322
19.4 60.10776 34.63272
19.5 60.26716 34.71281
19.6 60.42656 34.7929
19.7 60.58596 34.87299
19.8 60.74536 34.95308
19.9 60.90318 35.02706
20.0 61.05952 35.09983
20.1 61.21585 35.17261
20.2 61.37218 35.24538
20.3 61.52852 35.31815
20.4 61.67698 35.39089
20.5 61.81887 35.46361
20.6 61.96076 35.53633
20.7 62.10265 35.60905
20.8 62.24453 35.68177
20.9 62.38874 35.74876
21.0 62.53771 35.81276
21.1 62.68669 35.87676
21.2 62.83567 35.94077
21.3 62.98464 36.00477
21.4 63.13233 36.06855
21.5 63.27772 36.13207
21.6 63.4231 36.19559
21.7 63.56849 36.2591
21.8 63.71388 36.32262
21.9 63.85874 36.38468
22.0 64.00035 36.44517
22.1 64.14196 36.50565
22.2 64.28358 36.56614
22.3 64.42519 36.62663
22.4 64.56536 36.68793
22.5 64.69849 36.75145
22.6 64.83162 36.81496
22.7 64.96475 36.87848
22.8 65.09788 36.94199
22.9 65.23101 37.00245
23.0 65.36696 37.05593
23.1 65.50306 37.1094
23.2 65.63916 37.16287
23.3 65.77526 37.21634
23.4 65.91136 37.26981
23.5 66.0273 37.32319
23.6 66.1429 37.37658
23.7 66.25851 37.42997
23.8 66.37411 37.48336
23.9 66.48971 37.53654
24.0 66.60551 37.58825
24.1 66.72137 37.63997
24.2 66.83723 37.69169
24.3 66.95309 37.7434
24.4 67.06895 37.79512
24.5 67.18042 37.84415
24.6 67.29077 37.89293
24.7 67.40112 37.94171
24.8 67.51147 37.99049
24.9 67.62182 38.03927
25.0 67.73323 38.08251
25.1 67.84542 38.12546
25.2 67.95761 38.16841
25.3 68.06979 38.21136
25.4 68.18198 38.25431
25.5 68.28878 38.29952
25.6 68.39212 38.34554
25.7 68.49547 38.39155
25.8 68.59881 38.43757
25.9 68.70215 38.48359
26.0 68.80751 38.52723
26.1 68.91601 38.57018
26.2 69.02451 38.61313
26.3 69.13301 38.65608
26.4 69.24151 38.69903
26.5 69.34414 38.74112
26.6 69.43872 38.78253
26.7 69.5333 38.82394
26.8 69.62788 38.86535
26.9 69.72246 38.90676
27.0 69.81613 38.9449
27.1 69.90625 38.98084
27.2 69.99637 39.01677
27.3 70.08649 39.05271
27.4 70.17661 39.08864
27.5 70.26695 39.1242
27.6 70.35802 39.15917
27.7 70.44909 39.19413
27.8 70.54017 39.2291
27.9 70.63124 39.26406
28.0 70.72248 39.29943
28.1 70.82363 39.33536
28.2 70.92478 39.3713
28.3 71.02593 39.40723
28.4 71.12707 39.44316
28.5 71.22799 39.47947
28.6 71.32432 39.5172
28.7 71.42065 39.55492
28.8 71.51698 39.59265
28.9 71.61331 39.63038
29.0 71.70964 39.66676
29.1 71.81302 39.69897
29.2 71.91784 39.73117
29.3 72.02266 39.76338
29.4 72.12748 39.79559
29.5 72.2323 39.82639
29.6 72.33397 39.85355
29.7 72.43511 39.88071
29.8 72.53626 39.90787
29.9 72.63741 39.93504
30.0 72.73856 39.96253
30.1 72.83854 39.99473
30.2 72.93837 40.02693
30.3 73.03821 40.05913
30.4 73.13804 40.09133
30.5 73.23788 40.1232
30.6 73.34231 40.15212
30.7 73.44898 40.18104
30.8 73.55564 40.20995
30.9 73.66231 40.23887
31.0 73.76898 40.26779
31.1 73.86591 40.29471
31.2 73.95873 40.32139
31.3 74.05156 40.34806
31.4 74.14438 40.37474
31.5 74.23721 40.40141
31.6 74.32871 40.42691
31.7 74.41881 40.45232
31.8 74.50891 40.47773
31.9 74.59902 40.50313
32.0 74.68912 40.52854
32.1 74.77068 40.55354
32.2 74.84424 40.57839
32.3 74.91781 40.60323
32.4 74.99137 40.62807
32.5 75.06494 40.65291
32.6 75.13849 40.67554
32.7 75.21204 40.69744
32.8 75.28558 40.71933
32.9 75.35913 40.74123
33.0 75.43267 40.76312
33.1 75.50622 40.78512
33.2 75.57979 40.80719
33.3 75.65335 40.82927
33.4 75.72692 40.85134
33.5 75.80048 40.87342
33.6 75.87404 40.89289
33.7 75.9476 40.9104
33.8 76.02115 40.92792
33.9 76.09471 40.94543
34.0 76.16827 40.96294
34.1 76.24157 40.98044
34.2 76.31337 40.99791
34.3 76.38518 41.01538
34.4 76.45698 41.03285
34.5 76.52878 41.05031
34.6 76.60058 41.0678
34.7 76.674 41.08532
34.8 76.74754 41.10283
34.9 76.82109 41.12035
35.0 76.89464 41.13786
35.1 76.96818 41.1552
35.2 77.0317 41.17175
35.3 77.09474 41.1883
35.4 77.15779 41.20486
35.5 77.22083 41.22141
35.6 77.28387 41.23721
35.7 77.34789 41.25034
35.8 77.41224 41.26346
35.9 77.4766 41.27659
36.0 77.54096 41.28972
36.1 77.60532 41.30285
36.2 77.66598 41.31663
36.3 77.72553 41.33042
36.4 77.78507 41.34421
36.5 77.84461 41.35799
36.6 77.90415 41.37165
36.7 77.96331 41.38214
36.8 78.02215 41.39264
36.9 78.08099 41.40314
37.0 78.13983 41.41364
37.1 78.19867 41.42414
37.2 78.25182 41.43355
37.3 78.30084 41.44273
37.4 78.34987 41.45191
37.5 78.3989 41.46109
37.6 78.44792 41.47027
37.7 78.49851 41.47832
37.8 78.55182 41.48619
37.9 78.60514 41.49406
38.0 78.65845 41.50193
38.1 78.71177 41.5098
38.2 78.7634 41.51792
38.3 78.81242 41.52618
38.4 78.86145 41.53444
38.5 78.91048 41.54269
38.6 78.95951 41.55095
38.7 79.00896 41.56196
38.8 79.06044 41.57421
38.9 79.11193 41.58646
39.0 79.16341 41.59871
39.1 79.21489 41.61096
39.2 79.26586 41.62526
39.3 79.3149 41.64181
39.4 79.36393 41.65836
39.5 79.41297 41.67492
39.6 79.462 41.69147
39.7 79.51104 41.70627
39.8 79.55703 41.7194
39.9 79.60298 41.73253
40.0 79.64894 41.74566
40.1 79.6949 41.75879
40.2 79.74074 41.77184
40.3 79.78101 41.7847
40.4 79.82128 41.79756
40.5 79.86155 41.81042
40.6 79.90182 41.82328
40.7 79.94209 41.83653
40.8 79.98692 41.85053
40.9 80.0329 41.86453
41.0 80.07887 41.87854
41.1 80.12484 41.89254
41.2 80.17081 41.90786
41.3 80.21349 41.9327
41.4 80.25551 41.95754
41.5 80.29752 41.98237
41.6 80.33953 42.00721
41.7 80.38154 42.03277
41.8 80.42598 42.06221
41.9 80.47195 42.09165
42.0 80.51792 42.12109
42.1 80.56388 42.15052
42.2 80.60985 42.17902
42.3 80.65345 42.20354
42.4 80.69573 42.22807
42.5 80.73802 42.25259
42.6 80.78031 42.27712
42.7 80.8226 42.30164
42.8 80.86352 42.32016
42.9 80.90379 42.33855
43.0 80.94405 42.35694
43.1 80.98432 42.37533
43.2 81.02458 42.39364
43.3 81.06745 42.40676
43.4 81.1134 42.41989
43.5 81.15936 42.43302
43.6 81.20531 42.44615
43.7 81.25127 42.45927
43.8 81.2953 42.47071
43.9 81.33733 42.48173
44.0 81.37936 42.49276
44.1 81.42138 42.50378
44.2 81.46341 42.51481
44.3 81.50451 42.52465
44.4 81.54311 42.53426
44.5 81.5817 42.54388
44.6 81.6203 42.55349
44.7 81.6589 42.56311
44.8 81.69695 42.57303
44.9 81.73372 42.58314
45.0 81.77049 42.59324
45.1 81.80725 42.60335
45.2 81.84402 42.61345
45.3 81.88079 42.62149
45.4 81.91755 42.62848
45.5 81.95431 42.63547
45.6 81.99107 42.64246
45.7 82.02783 42.64945
45.8 82.06379 42.6566
45.9 82.09355 42.66394
46.0 82.12331 42.67128
46.1 82.15307 42.67862
46.2 82.18283 42.68596
46.3 82.21259 42.69227
46.4 82.23545 42.69751
46.5 82.2575 42.70274
46.6 82.27956 42.70797
46.7 82.30161 42.71321
46.8 82.32367 42.71801
46.9 82.3415 42.72168
47.0 82.359 42.72534
47.1 82.37649 42.729
47.2 82.39399 42.73266
47.3 82.41149 42.73626
47.4 82.42829 42.73974
47.5 82.44481 42.74322
47.6 82.46134 42.7467
47.7 82.47786 42.75018
47.8 82.49438 42.75349
47.9 82.50904 42.75531
48.0 82.52303 42.75713
48.1 82.53703 42.75895
48.2 82.55103 42.76077
48.3 82.56502 42.76223
48.4 82.5765 42.76132
48.5 82.58568 42.76042
48.6 82.59486 42.75952
48.7 82.60404 42.75862
48.8 82.61322 42.75772
48.9 82.62022 42.75593
49.0 82.62545 42.75406
49.1 82.63069 42.75219
49.2 82.63592 42.75032
49.3 82.64115 42.74845
49.4 82.64463 42.74332
49.5 82.6446 42.73804
49.6 82.64457 42.73275
49.7 82.64454 42.72747
49.8 82.64451 42.72219
49.9 82.64448 42.7169
50.0 82.64445 42.71162
