nexoclom2/data/gvalues/Na.ecsv
# %ECSV 1.0
# ---
# datatype:
# - {name: velocity, unit: km / s, datatype: float64}
# - {name: '5891.58', unit: 1 / s, datatype: float64}
# - {name: '5897.56', unit: 1 / s, datatype: float64}
# meta: !!omap
# - wavelengths: !!python/tuple
#   - !astropy.units.Quantity
#     unit: &id001 !astropy.units.Unit {unit: Angstrom}
#     value: 5891.58
#   - !astropy.units.Quantity
#     unit: *id001
#     value: 5897.56
# - __serialized_columns__:
#     '5891.58':
#       __class__: astropy.units.quantity.Quantity
#       unit: !astropy.units.Unit {unit: 1 / s}
#       value: !astropy.table.SerializedColumn {name: '5891.58'}
#     '5897.56':
#       __class__: astropy.units.quantity.Quantity
#       unit: !astropy.units.Unit {unit: 1 / s}
#       value: !astropy.table.SerializedColumn {name: '5897.56'}
#     velocity:
#       __class__: astropy.units.quantity.Quantity
#       unit: !astropy.units.Unit {unit: km / s}
#       value: !astropy.table.SerializedColumn {name: velocity}
# schema: astropy-2.0
velocity 5891.58 5897.56
-50.0 82.74946 43.23132
-49.9 82.72736 43.22164
-49.8 82.70601 43.21192
-49.7 82.68497 43.20177
-49.6 82.66393 43.19161
-49.5 82.64289 43.18145
-49.4 82.62185 43.17129
-49.3 82.59845 43.16109
-49.2 82.57267 43.15054
-49.1 82.5469 43.13998
-49.0 82.52112 43.12943
-48.9 82.49534 43.11888
-48.8 82.46651 43.10832
-48.7 82.43495 43.09729
-48.6 82.40339 43.08621
-48.5 82.37182 43.07513
-48.4 82.34026 43.06405
-48.3 82.30821 43.05297
-48.2 82.27507 43.0432
-48.1 82.24193 43.03353
-48.0 82.20879 43.02385
-47.9 82.17565 43.01417
-47.8 82.14424 43.0045
-47.7 82.11619 42.99447
-47.6 82.08813 42.98431
-47.5 82.06008 42.97415
-47.4 82.03203 42.96399
-47.3 82.0029 42.95383
-47.2 81.96608 42.94297
-47.1 81.92927 42.9319
-47.0 81.89245 42.92082
-46.9 81.85564 42.90974
-46.8 81.8177 42.89867
-46.7 81.77352 42.88661
-46.6 81.72935 42.8743
-46.5 81.68517 42.86199
-46.4 81.641 42.84967
-46.3 81.59753 42.83736
-46.2 81.5572 42.82523
-46.1 81.51688 42.81323
-46.0 81.47655 42.80123
-45.9 81.43623 42.78923
-45.8 81.39591 42.77723
-45.7 81.35186 42.76504
-45.6 81.30769 42.75273
-45.5 81.26351 42.74042
-45.4 81.21933 42.72811
-45.3 81.17516 42.7158
-45.2 81.13483 42.70399
-45.1 81.09451 42.69292
-45.0 81.0542 42.68184
-44.9 81.01388 42.67077
-44.8 80.97357 42.65969
-44.7 80.93311 42.64846
-44.6 80.89261 42.63703
-44.5 80.85211 42.62559
-44.4 80.81162 42.61416
-44.3 80.77112 42.60273
-44.2 80.73076 42.59117
-44.1 80.69044 42.57917
-44.0 80.65012 42.56716
-43.9 80.6098 42.55516
-43.8 80.56948 42.54316
-43.7 80.53015 42.53014
-43.6 80.49149 42.51432
-43.5 80.45284 42.4985
-43.4 80.41419 42.48268
-43.3 80.37553 42.46686
-43.2 80.33802 42.451
-43.1 80.3012 42.4344
-43.0 80.26438 42.41779
-42.9 80.22755 42.40119
-42.8 80.19073 42.38458
-42.7 80.15243 42.36805
-42.6 80.11194 42.35223
-42.5 80.07145 42.33641
-42.4 80.03096 42.32059
-42.3 79.99047 42.30477
-42.2 79.95082 42.28895
-42.1 79.91225 42.27083
-42.0 79.87368 42.25238
-41.9 79.83511 42.23394
-41.8 79.79654 42.2155
-41.7 79.75676 42.19705
-41.6 79.71258 42.181
-41.5 79.66841 42.16518
-41.4 79.62423 42.14936
-41.3 79.58006 42.13354
-41.2 79.53337 42.11772
-41.1 79.47903 42.10329
-41.0 79.4247 42.08944
-40.9 79.37036 42.0756
-40.8 79.31603 42.06176
-40.7 79.2615 42.04792
-40.6 79.20077 42.03456
-40.5 79.14004 42.02138
-40.4 79.07931 42.0082
-40.3 79.01858 41.99501
-40.2 78.95813 41.98183
-40.1 78.90203 41.96686
-40.0 78.84594 41.95025
-39.9 78.78984 41.93364
-39.8 78.73375 41.91704
-39.7 78.67765 41.90043
-39.6 78.6223 41.88426
-39.5 78.5671 41.86844
-39.4 78.51189 41.85262
-39.3 78.45668 41.8368
-39.2 78.40147 41.82098
-39.1 78.35314 41.80521
-39.0 78.30581 41.78953
-38.9 78.25848 41.77384
-38.8 78.21115 41.75816
-38.7 78.16381 41.74247
-38.6 78.11252 41.72774
-38.5 78.05916 41.71456
-38.4 78.00579 41.70137
-38.3 77.95242 41.68819
-38.2 77.89905 41.675
-38.1 77.84622 41.66139
-38.0 77.79363 41.64571
-37.9 77.74105 41.63003
-37.8 77.68847 41.61435
-37.7 77.63588 41.59867
-37.6 77.57863 41.58242
-37.5 77.51606 41.56397
-37.4 77.45349 41.54552
-37.3 77.39092 41.52707
-37.2 77.32835 41.50862
-37.1 77.26815 41.49017
-37.0 77.2103 41.47172
-36.9 77.15246 41.45327
-36.8 77.09462 41.43482
-36.7 77.03678 41.41638
-36.6 76.97658 41.39793
-36.5 76.91032 41.37948
-36.4 76.84407 41.36104
-36.3 76.77781 41.34259
-36.2 76.71156 41.32414
-36.1 76.64411 41.3057
-36.0 76.574 41.28349
-35.9 76.5039 41.26044
-35.8 76.4338 41.23738
-35.7 76.3637 41.21433
-35.6 76.29292 41.19127
-35.5 76.21563 41.16542
-35.4 76.13834 41.13908
-35.3 76.06105 41.11273
-35.2 75.98376 41.08639
-35.1 75.90649 41.06005
-35.0 75.82938 41.03287
-34.9 75.75227 41.00521
-34.8 75.67516 40.97756
-34.7 75.59804 40.9499
-34.6 75.52093 40.92224
-34.5 75.43699 40.89458
-34.4 75.35235 40.86692
-34.3 75.26771 40.83926
-34.2 75.18308 40.8116
-34.1 75.09844 40.78394
-34.0 75.00689 40.75597
-33.9 74.91488 40.72787
-33.8 74.82286 40.69978
-33.7 74.73085 40.67168
-33.6 74.63884 40.64358
-33.5 74.54091 40.61249
-33.4 74.44277 40.57839
-33.3 74.34464 40.54428
-33.2 74.24651 40.51017
-33.1 74.14838 40.47607
-33.0 74.0369 40.44236
-32.9 73.92098 40.409
-32.8 73.80506 40.37564
-32.7 73.68914 40.34228
-32.6 73.57322 40.30892
-32.5 73.45067 40.27532
-32.4 73.32626 40.24122
-32.3 73.20184 40.20711
-32.2 73.07743 40.17301
-32.1 72.95301 40.13891
-32.0 72.81681 40.106
-31.9 72.67146 40.07527
-31.8 72.5261 40.04454
-31.7 72.38075 40.01381
-31.6 72.2354 39.98308
-31.5 72.08687 39.95186
-31.4 71.93616 39.91775
-31.3 71.78546 39.88365
-31.2 71.63476 39.84954
-31.1 71.48406 39.81544
-31.0 71.32845 39.78099
-30.9 71.1647 39.745
-30.8 71.00095 39.70901
-30.7 70.8372 39.67302
-30.6 70.67344 39.63703
-30.5 70.51144 39.60104
-30.4 70.35199 39.56153
-30.3 70.19253 39.5219
-30.2 70.03308 39.48227
-30.1 69.87363 39.44264
-30.0 69.71301 39.403
-29.9 69.54742 39.36262
-29.8 69.38182 39.32225
-29.7 69.21623 39.28187
-29.6 69.05064 39.24149
-29.5 68.88908 39.20111
-29.4 68.74189 39.15259
-29.3 68.5947 39.1019
-29.2 68.44752 39.05121
-29.1 68.30033 39.00053
-29.0 68.15316 38.94984
-28.9 68.02069 38.8939
-28.8 67.88822 38.83686
-28.7 67.75574 38.77982
-28.6 67.62327 38.72278
-28.5 67.49179 38.66574
-28.4 67.39015 38.6092
-28.3 67.28852 38.55299
-28.2 67.18688 38.49678
-28.1 67.08525 38.44057
-28.0 66.98361 38.38436
-27.9 66.89132 38.34014
-27.8 66.80115 38.30239
-27.7 66.71099 38.26465
-27.6 66.62082 38.2269
-27.5 66.53066 38.18916
-27.4 66.45893 38.15179
-27.3 66.39058 38.11493
-27.2 66.32224 38.07806
-27.1 66.25389 38.0412
-27.0 66.18554 38.00433
-26.9 66.12197 37.96581
-26.8 66.06124 37.92543
-26.7 66.00051 37.88505
-26.6 65.93978 37.84467
-26.5 65.87905 37.80429
-26.4 65.82253 37.76291
-26.3 65.7682 37.71868
-26.2 65.71387 37.67444
-26.1 65.65954 37.63021
-26.0 65.60521 37.58598
-25.9 65.55049 37.54211
-25.8 65.49529 37.4991
-25.7 65.44008 37.45609
-25.6 65.38488 37.41309
-25.5 65.32968 37.37008
-25.4 65.27653 37.32674
-25.3 65.2257 37.27975
-25.2 65.17487 37.23275
-25.1 65.12405 37.18575
-25.0 65.07322 37.13876
-24.9 65.01942 37.09192
-24.8 64.95686 37.04628
-24.7 64.89429 37.00064
-24.6 64.83173 36.95501
-24.5 64.76916 36.90937
-24.4 64.70297 36.86373
-24.3 64.62761 36.81936
-24.2 64.55225 36.77512
-24.1 64.47689 36.73089
-24.0 64.40153 36.68665
-23.9 64.3252 36.64241
-23.8 64.23505 36.60347
-23.7 64.14489 36.56485
-23.6 64.05473 36.52623
-23.5 63.96457 36.48762
-23.4 63.87398 36.449
-23.3 63.77936 36.41099
-23.2 63.68473 36.3732
-23.1 63.5901 36.33541
-23.0 63.49547 36.29763
-22.9 63.40084 36.25984
-22.8 63.29237 36.2194
-22.7 63.18198 36.17815
-22.6 63.07159 36.1369
-22.5 62.9612 36.09566
-22.4 62.85081 36.05441
-22.3 62.73404 36.01049
-22.2 62.61664 35.96441
-22.1 62.49924 35.91833
-22.0 62.38185 35.87225
-21.9 62.26445 35.82617
-21.8 62.13154 35.78064
-21.7 61.99171 35.73549
-21.6 61.85188 35.69034
-21.5 61.71205 35.64519
-21.4 61.57222 35.60004
-21.3 61.42309 35.55459
-21.2 61.27038 35.50895
-21.1 61.11767 35.46332
-21.0 60.96497 35.41769
-20.9 60.81226 35.37205
-20.8 60.65712 35.3232
-20.7 60.50117 35.26975
-20.6 60.34523 35.21631
-20.5 60.18928 35.16286
-20.4 60.03333 35.10941
-20.3 59.86732 35.05514
-20.2 59.69255 34.99986
-20.1 59.51777 34.94457
-20.0 59.343 34.88929
-19.9 59.16822 34.83401
-19.8 58.99319 34.77678
-19.7 58.81797 34.7132
-19.6 58.64275 34.64963
-19.5 58.46752 34.58606
-19.4 58.2923 34.52248
-19.3 58.11212 34.45831
-19.2 57.92262 34.3925
-19.1 57.73313 34.32669
-19.0 57.54363 34.26088
-18.9 57.35414 34.19506
-18.8 57.16872 34.12874
-18.7 56.99 34.05412
-18.6 56.81128 33.97949
-18.5 56.63256 33.90486
-18.4 56.45384 33.83024
-18.3 56.27339 33.75562
-18.2 56.08389 33.68104
-18.1 55.89439 33.60646
-18.0 55.70489 33.53188
-17.9 55.51539 33.4573
-17.8 55.32628 33.38272
-17.7 55.1388 33.3008
-17.6 54.95132 33.21788
-17.5 54.76384 33.13497
-17.4 54.57636 33.05205
-17.3 54.38888 32.96914
-17.2 54.1887 32.88582
-17.1 53.98818 32.80246
-17.0 53.78766 32.71911
-16.9 53.58713 32.63576
-16.8 53.38665 32.5524
-16.7 53.19742 32.46158
-16.6 53.00818 32.36761
-16.5 52.81895 32.27365
-16.4 52.62971 32.17968
-16.3 52.44047 32.08572
-16.2 52.24525 31.99311
-16.1 52.04839 31.90099
-16.0 51.85154 31.80886
-15.9 51.65468 31.71674
-15.8 51.45783 31.62461
-15.7 51.26291 31.52618
-15.6 51.06843 31.42208
-15.5 50.87395 31.31799
-15.4 50.67946 31.21389
-15.3 50.48498 31.1098
-15.2 50.28578 31.00701
-15.1 50.08341 30.90524
-15.0 49.88105 30.80347
-14.9 49.67868 30.7017
-14.8 49.47631 30.59994
-14.7 49.2756 30.4938
-14.6 49.07586 30.37957
-14.5 48.87611 30.26534
-14.4 48.67637 30.15111
-14.3 48.47663 30.03688
-14.2 48.26823 29.92306
-14.1 48.04746 29.80989
-14.0 47.8267 29.69672
-13.9 47.60594 29.58354
-13.8 47.38517 29.47037
-13.7 47.16983 29.35526
-13.6 46.96133 29.2309
-13.5 46.75283 29.10655
-13.4 46.54433 28.98219
-13.3 46.33584 28.85783
-13.2 46.12334 28.73417
-13.1 45.89706 28.6131
-13.0 45.67078 28.49203
-12.9 45.4445 28.37097
-12.8 45.21821 28.2499
-12.7 44.99245 28.12884
-12.6 44.76818 27.99531
-12.5 44.54391 27.86175
-12.4 44.31964 27.72819
-12.3 44.09537 27.59462
-12.2 43.87027 27.46107
-12.1 43.62376 27.32772
-12.0 43.37725 27.19438
-11.9 43.13073 27.06103
-11.8 42.88422 26.92769
-11.7 42.63791 26.79434
-11.6 42.39437 26.64949
-11.5 42.15083 26.50211
-11.4 41.90729 26.35474
-11.3 41.66376 26.20736
-11.2 41.42022 26.05998
-11.1 41.15225 25.9111
-11.0 40.87999 25.76197
-10.9 40.60772 25.61283
-10.8 40.33545 25.4637
-10.7 40.06318 25.31457
-10.6 39.7869 25.15471
-10.5 39.51008 24.98892
-10.4 39.23325 24.82312
-10.3 38.95643 24.65732
-10.2 38.67961 24.49152
-10.1 38.37531 24.32572
-10.0 38.05705 24.15993
-9.9 37.7388 23.99413
-9.8 37.42054 23.82834
-9.7 37.10228 23.66254
-9.6 36.76902 23.48772
-9.5 36.42913 23.30259
-9.4 36.08924 23.11745
-9.3 35.74934 22.93232
-9.2 35.40945 22.74718
-9.1 35.03871 22.55141
-9.0 34.634 22.34509
-8.9 34.22928 22.13877
-8.8 33.82457 21.93246
-8.7 33.41985 21.72614
-8.6 32.98346 21.51237
-8.5 32.5162 21.29219
-8.4 32.04894 21.07202
-8.3 31.58168 20.85184
-8.2 31.11442 20.63166
-8.1 30.62336 20.39862
-8.0 30.11177 20.13889
-7.9 29.60019 19.87915
-7.8 29.0886 19.61942
-7.7 28.57702 19.35969
-7.6 28.02672 19.09492
-7.5 27.39391 18.82124
-7.4 26.76109 18.54756
-7.3 26.12827 18.27389
-7.2 25.49546 18.00021
-7.1 24.85295 17.71753
-7.0 24.19246 17.3832
-6.9 23.53196 17.04887
-6.8 22.87146 16.71454
-6.7 22.21096 16.38021
-6.6 21.5444 16.04268
-6.5 20.83801 15.69094
-6.4 20.13161 15.3392
-6.3 19.42522 14.98746
-6.2 18.71882 14.63572
-6.1 18.02504 14.28398
-6.0 17.39608 13.88741
-5.9 16.76712 13.48954
-5.8 16.13816 13.09166
-5.7 15.5092 12.69379
-5.6 14.88024 12.29603
-5.5 14.2911 11.91359
-5.4 13.70428 11.53116
-5.3 13.11746 11.14873
-5.2 12.53064 10.76629
-5.1 11.94382 10.38386
-5.0 11.4851 10.0016
-4.9 11.02959 9.619387
-4.8 10.57408 9.237174
-4.7 10.11857 8.854962
-4.6 9.663062 8.472749
-4.5 9.26557 8.139889
-4.4 8.88662 7.817103
-4.3 8.50767 7.494317
-4.2 8.12872 7.171532
-4.1 7.74977 6.848746
-4.0 7.466548 6.552412
-3.9 7.20901 6.272432
-3.8 6.951472 5.992452
-3.7 6.693934 5.712473
-3.6 6.436396 5.432493
-3.5 6.221896 5.205947
-3.4 6.039779 5.007716
-3.3 5.857662 4.809484
-3.2 5.675546 4.611253
-3.1 5.493429 4.413021
-3.0 5.353396 4.234794
-2.9 5.241271 4.081911
-2.8 5.129145 3.929028
-2.7 5.01702 3.776145
-2.6 4.904894 3.623262
-2.5 4.808253 3.497271
-2.4 4.73651 3.400786
-2.3 4.664767 3.304302
-2.2 4.593023 3.207817
-2.1 4.52128 3.111333
-2.0 4.461108 3.023797
-1.9 4.417308 2.96117
-1.8 4.373509 2.898543
-1.7 4.329709 2.835916
-1.6 4.285909 2.773289
-1.5 4.247096 2.718661
-1.4 4.228699 2.682698
-1.3 4.210303 2.646735
-1.2 4.191907 2.610771
-1.1 4.173511 2.574808
-1.0 4.159289 2.540299
-0.9 4.159287 2.520957
-0.8 4.159286 2.501616
-0.7 4.159285 2.482275
-0.6 4.159284 2.462934
-0.5 4.159517 2.445434
-0.4 4.185269 2.441047
-0.3 4.211022 2.43666
-0.2 4.236774 2.432273
-0.1 4.262526 2.427886
0.0 4.289622 2.423499
0.1 4.349187 2.433169
0.2 4.408751 2.444219
0.3 4.468316 2.45527
0.4 4.527881 2.46632
0.5 4.587445 2.47737
0.6 4.684232 2.504522
0.7 4.789084 2.532587
0.8 4.893935 2.560652
0.9 4.998786 2.588718
1.0 5.103637 2.616783
1.1 5.252029 2.663449
1.2 5.40795 2.716862
1.3 5.56387 2.770275
1.4 5.719791 2.823689
1.5 5.875712 2.877102
1.6 6.077448 2.95218
1.7 6.305546 3.033748
1.8 6.533644 3.115315
1.9 6.761742 3.196883
2.0 6.98984 3.27845
2.1 7.272495 3.381782
2.2 7.582584 3.502423
2.3 7.892672 3.623064
2.4 8.202761 3.743705
2.5 8.512849 3.864347
2.6 8.8801 4.015371
2.7 9.317903 4.187277
2.8 9.755705 4.359183
2.9 10.19351 4.531089
3.0 10.63131 4.702995
3.1 11.10606 4.901975
3.2 11.62112 5.145099
3.3 12.13618 5.388223
3.4 12.65124 5.631348
3.5 13.1663 5.874472
3.6 13.71153 6.143254
3.7 14.34248 6.448079
3.8 14.97343 6.752903
3.9 15.60438 7.057728
4.0 16.23533 7.362553
4.1 16.88127 7.682208
4.2 17.56372 8.019878
4.3 18.24617 8.357547
4.4 18.92862 8.695217
4.5 19.61108 9.032886
4.6 20.28589 9.381415
4.7 20.9446 9.764515
4.8 21.60332 10.14761
4.9 22.26203 10.53071
5.0 22.92074 10.91381
5.1 23.57829 11.29479
5.2 24.22579 11.67017
5.3 24.87328 12.04555
5.4 25.52078 12.42093
5.5 26.16828 12.79631
5.6 26.80291 13.17194
5.7 27.35475 13.55135
5.8 27.9066 13.93076
5.9 28.45844 14.31018
6.0 29.01028 14.68959
6.1 29.56213 15.06397
6.2 30.07181 15.39198
6.3 30.57767 15.71999
6.4 31.08352 16.04801
6.5 31.58938 16.37602
6.6 32.09523 16.70403
6.7 32.51354 17.00906
6.8 32.92698 17.31111
6.9 33.34042 17.61316
7.0 33.75386 17.91521
7.1 34.1673 18.21726
7.2 34.54616 18.47455
7.3 34.91221 18.72801
7.4 35.27826 18.98147
7.5 35.64431 19.23493
7.6 36.01036 19.48839
7.7 36.33253 19.72538
7.8 36.64085 19.9556
7.9 36.94918 20.18581
8.0 37.2575 20.41603
8.1 37.56582 20.64624
8.2 37.85956 20.84872
8.3 38.14099 21.04166
8.4 38.42242 21.2346
8.5 38.70386 21.42754
8.6 38.98529 21.62048
8.7 39.24298 21.80679
8.8 39.48298 21.98728
8.9 39.72298 22.16776
9.0 39.96298 22.34825
9.1 40.20297 22.52873
9.2 40.44201 22.69538
9.3 40.67929 22.85148
9.4 40.91657 23.00758
9.5 41.15385 23.16368
9.6 41.39113 23.31978
9.7 41.61932 23.47473
9.8 41.83304 23.62759
9.9 42.04676 23.78044
10.0 42.26048 23.9333
10.1 42.4742 24.08615
10.2 42.68817 24.23411
10.3 42.90338 24.37442
10.4 43.11859 24.51473
10.5 43.33379 24.65505
10.6 43.549 24.79536
10.7 43.76078 24.93594
10.8 43.95873 25.07774
10.9 44.15668 25.21954
11.0 44.35463 25.36134
11.1 44.55258 25.50315
11.2 44.75054 25.64313
11.3 44.96 25.77642
11.4 45.16969 25.90971
11.5 45.37938 26.04301
11.6 45.58906 26.1763
11.7 45.79864 26.3096
11.8 45.99834 26.44588
11.9 46.19804 26.58216
12.0 46.39774 26.71843
12.1 46.59744 26.85471
12.2 46.79714 26.99066
12.3 47.00623 27.11781
12.4 47.21776 27.24496
12.5 47.42928 27.37211
12.6 47.64081 27.49926
12.7 47.85234 27.62641
12.8 48.05123 27.75577
12.9 48.24742 27.8856
13.0 48.44362 28.01543
13.1 48.63981 28.14526
13.2 48.83601 28.27509
13.3 49.03257 28.39884
13.4 49.22938 28.52161
13.5 49.42619 28.64437
13.6 49.623 28.76713
13.7 49.8198 28.8899
13.8 50.01176 29.01306
13.9 50.20095 29.13644
14.0 50.39014 29.25982
14.1 50.57934 29.3832
14.2 50.76853 29.50659
14.3 50.964 29.62236
14.4 51.16817 29.7346
14.5 51.37233 29.84684
14.6 51.5765 29.95908
14.7 51.78066 30.07132
14.8 51.97178 30.18533
14.9 52.14696 30.30134
15.0 52.32213 30.41736
15.1 52.4973 30.53337
15.2 52.67248 30.64938
15.3 52.84627 30.76126
15.4 53.01549 30.86912
15.5 53.1847 30.97698
15.6 53.35392 31.08484
15.7 53.52313 31.1927
15.8 53.69668 31.30024
15.9 53.88236 31.40704
16.0 54.06803 31.51384
16.1 54.25371 31.62064
16.2 54.43939 31.72744
16.3 54.62656 31.83273
16.4 54.84545 31.93492
16.5 55.06434 32.03712
16.6 55.28323 32.13931
16.7 55.50212 32.24151
16.8 55.72031 32.34064
16.9 55.92999 32.43447
17.0 56.13966 32.52829
17.1 56.34934 32.62211
17.2 56.55902 32.71593
17.3 56.76429 32.81033
17.4 56.93245 32.90792
17.5 57.1006 33.00551
17.6 57.26876 33.1031
17.7 57.43692 33.20069
17.8 57.60508 33.29658
17.9 57.76437 33.38513
18.0 57.92255 33.47369
18.1 58.08072 33.56225
18.2 58.2389 33.65081
18.3 58.39708 33.73937
18.4 58.54672 33.82506
18.5 58.69561 33.91068
18.6 58.8445 33.9963
18.7 58.99339 34.08192
18.8 59.14228 34.16744
