nexoclom2/data/gvalues/S.ecsv
# %ECSV 1.0
# ---
# datatype:
# - {name: velocity, unit: km / s, datatype: float64}
# - {name: '1807.31', unit: 1 / s, datatype: float64}
# - {name: '1820.34', unit: 1 / s, datatype: float64}
# - {name: '1826.25', unit: 1 / s, datatype: float64}
# meta: !!omap
# - wavelengths: !!python/tuple
#   - !astropy.units.Quantity
#     unit: &id001 !astropy.units.Unit {unit: Angstrom}
#     value: 1807.31
#   - !astropy.units.Quantity
#     unit: *id001
#     value: 1820.34
#   - !astropy.units.Quantity
#     unit: *id001
#     value: 1826.25
# - __serialized_columns__:
#     '1807.31':
#       __class__: astropy.units.quantity.Quantity
#       unit: !astropy.units.Unit {unit: 1 / s}
#       value: !astropy.table.SerializedColumn {name: '1807.31'}
#     '1820.34':
#       __class__: astropy.units.quantity.Quantity
#       unit: !astropy.units.Unit {unit: 1 / s}
#       value: !astropy.table.SerializedColumn {name: '1820.34'}
#     '1826.25':
#       __class__: astropy.units.quantity.Quantity
#       unit: !astropy.units.Unit {unit: 1 / s}
#       value: !astropy.table.SerializedColumn {name: '1826.25'}
#     velocity:
#       __class__: astropy.units.quantity.Quantity
#       unit: !astropy.units.Unit {unit: km / s}
#       value: !astropy.table.SerializedColumn {name: velocity}
# schema: astropy-2.0
velocity 1807.31 1820.34 1826.25
-50.0 0.0005474108 0.0003405145 0.000388158
-49.9 0.0005470464 0.00034047 0.0003881231
-49.8 0.0005466821 0.0003404256 0.0003880882
-49.7 0.0005463177 0.0003403812 0.0003880532
-49.6 0.0005459533 0.0003403367 0.0003880183
-49.5 0.000545589 0.0003402923 0.0003879834
-49.4 0.0005452246 0.0003402478 0.0003879484
-49.3 0.0005448602 0.0003402034 0.0003879135
-49.2 0.0005444959 0.0003401589 0.0003878786
-49.1 0.0005441315 0.0003401145 0.0003878436
-49.0 0.0005437672 0.0003400701 0.0003878087
-48.9 0.0005434028 0.0003400256 0.0003877738
-48.8 0.0005430384 0.0003399812 0.0003877388
-48.7 0.0005426741 0.0003399367 0.0003877039
-48.6 0.0005423097 0.0003398923 0.000387669
-48.5 0.0005419454 0.0003398479 0.000387634
-48.4 0.000541581 0.0003398034 0.0003875991
-48.3 0.0005412166 0.000339759 0.0003875642
-48.2 0.0005408523 0.0003397145 0.0003875292
-48.1 0.0005404879 0.0003396701 0.0003874943
-48.0 0.0005401236 0.0003396256 0.0003874593
-47.9 0.0005397592 0.0003395812 0.0003874244
-47.8 0.0005393949 0.0003395368 0.0003873895
-47.7 0.0005390305 0.0003395135 0.0003873545
-47.6 0.0005386662 0.000339503 0.0003873196
-47.5 0.0005383018 0.0003394925 0.0003872847
-47.4 0.0005379375 0.0003394821 0.0003872498
-47.3 0.0005375731 0.0003394716 0.0003872148
-47.2 0.0005372088 0.0003394612 0.0003871799
-47.1 0.0005368444 0.0003394507 0.000387145
-47.0 0.0005364801 0.0003394403 0.0003871101
-46.9 0.0005361157 0.0003394298 0.0003870752
-46.8 0.0005357514 0.0003394193 0.0003870402
-46.7 0.000535387 0.0003394089 0.0003870053
-46.6 0.0005350227 0.0003393984 0.0003869704
-46.5 0.0005346583 0.000339388 0.0003869355
-46.4 0.000534294 0.0003393775 0.0003869006
-46.3 0.0005339296 0.0003393671 0.0003868656
-46.2 0.0005335653 0.0003393566 0.0003868307
-46.1 0.000533201 0.0003393508 0.0003867958
-46.0 0.0005328366 0.0003393743 0.0003867609
-45.9 0.0005324723 0.0003393979 0.0003867259
-45.8 0.0005321079 0.0003394214 0.000386691
-45.7 0.0005317436 0.0003394449 0.0003866561
-45.6 0.0005313793 0.0003394684 0.0003866212
-45.5 0.0005310149 0.000339492 0.0003865862
-45.4 0.0005306506 0.0003395155 0.0003865513
-45.3 0.0005302863 0.000339539 0.0003865164
-45.2 0.0005299219 0.0003395626 0.0003864814
-45.1 0.0005295576 0.0003395861 0.0003864465
-45.0 0.0005291933 0.0003396096 0.0003864116
-44.9 0.0005288289 0.0003396332 0.0003863766
-44.8 0.0005284646 0.0003396567 0.0003863417
-44.7 0.0005281003 0.0003396802 0.0003863068
-44.6 0.0005277359 0.0003397038 0.0003862718
-44.5 0.0005273716 0.0003397273 0.0003862369
-44.4 0.0005270073 0.0003397508 0.000386202
-44.3 0.000526643 0.0003397744 0.000386167
-44.2 0.0005262787 0.0003397979 0.0003861321
-44.1 0.0005259144 0.0003398214 0.0003860972
-44.0 0.00052555 0.0003398449 0.0003860622
-43.9 0.0005251857 0.0003398685 0.0003860273
-43.8 0.0005248214 0.000339892 0.0003859924
-43.7 0.0005244571 0.0003399155 0.0003859574
-43.6 0.0005240928 0.0003399391 0.0003859225
-43.5 0.0005237284 0.0003399626 0.0003858876
-43.4 0.0005233641 0.0003399861 0.0003858527
-43.3 0.0005229998 0.0003400097 0.0003858177
-43.2 0.0005226355 0.0003400332 0.0003857828
-43.1 0.0005222703 0.0003400567 0.0003857479
-43.0 0.0005219014 0.0003400803 0.0003857129
-42.9 0.0005215326 0.0003401038 0.000385678
-42.8 0.0005211638 0.0003401273 0.0003856431
-42.7 0.000520795 0.0003401509 0.0003856081
-42.6 0.0005204262 0.0003401744 0.0003855732
-42.5 0.0005200574 0.0003401979 0.0003855383
-42.4 0.0005196886 0.0003402214 0.0003855034
-42.3 0.0005193198 0.000340245 0.0003854684
-42.2 0.000518951 0.0003402685 0.0003854335
-42.1 0.0005185822 0.000340292 0.0003853986
-42.0 0.0005182134 0.0003403156 0.0003853636
-41.9 0.0005178445 0.0003403391 0.0003853287
-41.8 0.0005174757 0.0003403626 0.0003852938
-41.7 0.0005171069 0.0003403862 0.0003852588
-41.6 0.0005167381 0.0003404097 0.0003852239
-41.5 0.0005163693 0.0003404332 0.000385189
-41.4 0.0005160041 0.0003404568 0.000385154
-41.3 0.0005156398 0.0003404803 0.0003851191
-41.2 0.0005152755 0.0003405038 0.0003850842
-41.1 0.0005149112 0.0003405274 0.0003850492
-41.0 0.0005145469 0.0003405509 0.0003850143
-40.9 0.0005141826 0.0003405744 0.0003849794
-40.8 0.0005138183 0.000340598 0.0003849445
-40.7 0.000513454 0.0003406215 0.0003849096
-40.6 0.0005130897 0.000340645 0.0003848747
-40.5 0.0005127254 0.0003406686 0.0003848398
-40.4 0.0005123611 0.0003406921 0.0003848048
-40.3 0.0005119968 0.0003407156 0.0003847699
-40.2 0.0005116325 0.0003407392 0.000384735
-40.1 0.0005112682 0.0003407627 0.0003847001
-40.0 0.0005109039 0.0003407863 0.0003846652
-39.9 0.0005105396 0.0003408098 0.0003846303
-39.8 0.0005101753 0.0003408333 0.0003845954
-39.7 0.000509811 0.0003408569 0.0003845605
-39.6 0.0005094467 0.0003408804 0.0003845256
-39.5 0.0005090824 0.0003409039 0.0003844906
-39.4 0.0005087181 0.0003409275 0.0003844557
-39.3 0.0005083538 0.000340951 0.0003844204
-39.2 0.0005079896 0.0003409745 0.0003843851
-39.1 0.0005076253 0.0003409981 0.0003843497
-39.0 0.000507261 0.0003410216 0.0003843143
-38.9 0.0005068967 0.0003410451 0.000384279
-38.8 0.0005065324 0.0003410686 0.0003842436
-38.7 0.0005061681 0.0003410922 0.0003842083
-38.6 0.0005058038 0.0003411157 0.0003841729
-38.5 0.0005054395 0.0003411392 0.0003841376
-38.4 0.0005050752 0.0003411627 0.0003841022
-38.3 0.0005047109 0.0003411863 0.0003840669
-38.2 0.0005043466 0.0003412098 0.0003840315
-38.1 0.0005039824 0.0003412333 0.0003839962
-38.0 0.0005036181 0.0003412569 0.0003839608
-37.9 0.0005032538 0.0003412804 0.0003839254
-37.8 0.0005028895 0.0003413041 0.0003838901
-37.7 0.0005025253 0.0003413279 0.000383855
-37.6 0.000502161 0.0003413518 0.0003838201
-37.5 0.0005017967 0.0003413756 0.0003837852
-37.4 0.0005014325 0.0003413994 0.0003837502
-37.3 0.0005010682 0.0003414232 0.0003837153
-37.2 0.0005007039 0.0003414471 0.0003836804
-37.1 0.0005003396 0.0003414709 0.0003836455
-37.0 0.0004999754 0.0003414947 0.0003836105
-36.9 0.0004996111 0.0003415185 0.0003835756
-36.8 0.0004992468 0.0003415424 0.0003835407
-36.7 0.0004988825 0.0003415662 0.0003835058
-36.6 0.0004985183 0.00034159 0.0003834708
-36.5 0.000498154 0.0003416138 0.0003834359
-36.4 0.0004977897 0.0003416377 0.000383401
-36.3 0.0004974255 0.0003416615 0.0003833661
-36.2 0.0004970612 0.0003416852 0.0003833311
-36.1 0.0004966969 0.0003417087 0.0003832962
-36.0 0.0004963327 0.0003417322 0.0003832613
-35.9 0.0004959684 0.0003417557 0.0003832264
-35.8 0.0004956042 0.0003417793 0.0003831915
-35.7 0.0004952399 0.0003418028 0.0003831565
-35.6 0.0004948756 0.0003418263 0.0003831216
-35.5 0.0004945114 0.0003418499 0.0003830867
-35.4 0.0004941471 0.0003418734 0.0003830518
-35.3 0.0004937828 0.0003418969 0.0003830169
-35.2 0.0004934186 0.0003419204 0.000382982
-35.1 0.0004930543 0.000341944 0.000382947
-35.0 0.0004926901 0.0003419675 0.0003829121
-34.9 0.0004923258 0.000341991 0.0003828772
-34.8 0.0004919615 0.0003420145 0.0003828423
-34.7 0.0004915973 0.0003420381 0.0003828074
-34.6 0.000491233 0.0003420616 0.0003827725
-34.5 0.0004908688 0.0003420851 0.0003827376
-34.4 0.0004905045 0.0003421087 0.0003827026
-34.3 0.0004901403 0.0003421322 0.0003826677
-34.2 0.000489776 0.0003421557 0.0003826328
-34.1 0.0004894118 0.0003421793 0.0003825979
-34.0 0.0004890475 0.0003422028 0.0003825629
-33.9 0.0004886832 0.0003422263 0.000382528
-33.8 0.000488319 0.0003422499 0.0003824931
-33.7 0.0004879547 0.0003422734 0.0003824582
-33.6 0.0004875905 0.000342297 0.0003824233
-33.5 0.0004872262 0.0003423205 0.0003823883
-33.4 0.000486862 0.000342344 0.0003823534
-33.3 0.0004864977 0.0003423676 0.0003823185
-33.2 0.0004861335 0.0003423911 0.0003822836
-33.1 0.0004857692 0.0003424146 0.0003822486
-33.0 0.000485405 0.0003424382 0.0003822137
-32.9 0.0004850407 0.0003424617 0.0003821788
-32.8 0.0004846765 0.0003424852 0.0003821439
-32.7 0.0004843122 0.0003425087 0.0003821089
-32.6 0.000483948 0.0003425323 0.000382074
-32.5 0.0004835837 0.0003425558 0.0003820391
-32.4 0.0004832195 0.0003425793 0.0003820042
-32.3 0.0004828552 0.0003426028 0.0003819693
-32.2 0.000482491 0.0003426264 0.0003819343
-32.1 0.0004821267 0.0003426499 0.0003818994
-32.0 0.0004817625 0.0003426734 0.0003818645
-31.9 0.0004813983 0.0003426969 0.0003818296
-31.8 0.000481034 0.0003427205 0.0003817946
-31.7 0.0004806698 0.000342744 0.0003817597
-31.6 0.0004803055 0.0003427675 0.0003817248
-31.5 0.0004799413 0.000342791 0.0003816899
-31.4 0.0004795771 0.0003428146 0.000381655
-31.3 0.0004792129 0.0003428381 0.00038162
-31.2 0.0004788487 0.0003428616 0.0003815851
-31.1 0.0004784844 0.0003428851 0.0003815502
-31.0 0.0004781202 0.0003429087 0.0003815153
-30.9 0.000477756 0.0003429322 0.0003814803
-30.8 0.0004773918 0.0003429557 0.0003814454
-30.7 0.0004770276 0.0003429792 0.0003814105
-30.6 0.0004766634 0.0003430028 0.0003813756
-30.5 0.0004762992 0.0003430263 0.0003813407
-30.4 0.000475935 0.0003430498 0.0003813057
-30.3 0.0004755708 0.0003430733 0.0003812708
-30.2 0.0004752066 0.0003430969 0.0003812359
-30.1 0.0004748424 0.0003431204 0.000381201
-30.0 0.0004744782 0.0003431439 0.0003811661
-29.9 0.000474114 0.0003431675 0.0003811311
-29.8 0.0004737498 0.000343191 0.0003810962
-29.7 0.0004733855 0.0003432145 0.0003810613
-29.6 0.0004730213 0.000343238 0.0003810264
-29.5 0.0004726571 0.0003432615 0.0003810055
-29.4 0.0004722929 0.0003432851 0.0003809984
-29.3 0.0004719287 0.0003433086 0.0003809913
-29.2 0.0004715644 0.0003433321 0.0003809841
-29.1 0.0004712002 0.0003433556 0.000380977
-29.0 0.000470836 0.0003433791 0.0003809698
-28.9 0.0004704718 0.0003434026 0.0003809627
-28.8 0.0004701075 0.0003434262 0.0003809555
-28.7 0.0004697433 0.0003434497 0.0003809484
-28.6 0.0004693791 0.0003434732 0.0003809413
-28.5 0.0004690149 0.0003434967 0.0003809341
-28.4 0.0004686507 0.0003435202 0.000380927
-28.3 0.0004682864 0.0003435437 0.0003809198
-28.2 0.0004679222 0.0003435673 0.0003809127
-28.1 0.000467558 0.0003435908 0.0003809055
-28.0 0.0004671938 0.0003436143 0.0003808984
-27.9 0.0004668296 0.0003436378 0.0003808933
-27.8 0.0004664654 0.0003436614 0.0003809143
-27.7 0.0004661012 0.0003436849 0.0003809353
-27.6 0.000465737 0.0003437084 0.0003809562
-27.5 0.0004653728 0.000343732 0.0003809772
-27.4 0.0004650086 0.0003437555 0.0003809982
-27.3 0.0004646444 0.0003437791 0.0003810191
-27.2 0.0004642802 0.0003438026 0.0003810401
-27.1 0.000463916 0.0003438261 0.0003810611
-27.0 0.0004635518 0.0003438497 0.000381082
-26.9 0.0004631876 0.0003438732 0.000381103
-26.8 0.0004628234 0.0003438967 0.000381124
-26.7 0.0004624592 0.0003439203 0.0003811449
-26.6 0.000462095 0.0003439438 0.0003811659
-26.5 0.0004617308 0.0003439673 0.0003811869
-26.4 0.0004613666 0.0003439909 0.0003812078
-26.3 0.0004610024 0.0003440144 0.0003812288
-26.2 0.0004606382 0.0003440379 0.0003812498
-26.1 0.000460274 0.0003440615 0.0003812707
-26.0 0.0004599098 0.000344085 0.0003812917
-25.9 0.0004595456 0.0003441085 0.0003813127
-25.8 0.0004591814 0.000344132 0.0003813336
-25.7 0.0004588172 0.0003441555 0.0003813546
-25.6 0.0004584531 0.0003441791 0.0003813756
-25.5 0.0004580889 0.0003442026 0.0003813965
-25.4 0.0004577247 0.0003442261 0.0003814175
-25.3 0.0004573605 0.0003442496 0.0003814385
-25.2 0.0004569963 0.0003442732 0.0003814594
-25.1 0.0004566321 0.0003442967 0.0003814804
-25.0 0.0004562679 0.0003443202 0.0003815014
-24.9 0.0004559037 0.0003443437 0.0003815223
-24.8 0.0004555395 0.0003443672 0.0003815433
-24.7 0.0004551754 0.0003443908 0.0003815643
-24.6 0.0004548112 0.0003444143 0.0003815852
-24.5 0.000454447 0.0003444378 0.0003816062
-24.4 0.0004540828 0.0003444613 0.0003816271
-24.3 0.0004537186 0.0003444848 0.0003816481
-24.2 0.0004533544 0.0003445084 0.0003816691
-24.1 0.0004529903 0.0003445319 0.00038169
-24.0 0.0004526261 0.0003445554 0.000381711
-23.9 0.0004522619 0.0003445789 0.0003817319
-23.8 0.0004518977 0.0003446024 0.0003817529
-23.7 0.0004515335 0.000344626 0.0003817738
-23.6 0.0004511693 0.0003446495 0.0003817948
-23.5 0.0004508052 0.000344673 0.0003818158
-23.4 0.000450441 0.0003446965 0.0003818367
-23.3 0.0004500768 0.00034472 0.0003818577
-23.2 0.0004497126 0.0003447436 0.0003818786
-23.1 0.0004493484 0.0003447671 0.0003818996
-23.0 0.0004489843 0.0003447906 0.0003819205
-22.9 0.0004486201 0.0003448141 0.0003819415
-22.8 0.000448256 0.0003448376 0.0003819625
-22.7 0.0004478918 0.0003448611 0.0003819834
-22.6 0.0004475276 0.0003448847 0.0003820044
-22.5 0.0004471635 0.0003449082 0.0003820254
-22.4 0.0004467993 0.0003449317 0.0003820463
-22.3 0.0004464351 0.0003449552 0.0003820673
-22.2 0.000446071 0.0003449787 0.0003820883
-22.1 0.0004457068 0.0003450022 0.0003821092
-22.0 0.0004453427 0.0003450258 0.0003821302
-21.9 0.0004449785 0.0003450493 0.0003821512
-21.8 0.0004446143 0.0003450728 0.0003821721
-21.7 0.0004442502 0.0003450963 0.0003821931
-21.6 0.000443886 0.0003451198 0.000382214
-21.5 0.0004435194 0.0003451433 0.000382235
-21.4 0.0004431507 0.0003451669 0.000382256
-21.3 0.0004427821 0.0003451904 0.0003822769
-21.2 0.0004424134 0.0003452139 0.0003822979
-21.1 0.0004420448 0.0003452375 0.0003823189
-21.0 0.0004416761 0.000345261 0.0003823398
-20.9 0.0004413075 0.0003452845 0.0003823608
-20.8 0.0004409388 0.0003453081 0.0003823818
-20.7 0.0004405702 0.0003453316 0.0003824027
-20.6 0.0004402015 0.0003453551 0.0003824237
-20.5 0.0004398329 0.0003453787 0.0003824447
-20.4 0.0004394642 0.0003454022 0.0003824656
-20.3 0.0004390956 0.0003454257 0.0003824866
-20.2 0.0004387269 0.0003454493 0.0003825075
-20.1 0.0004383582 0.0003454728 0.0003825285
-20.0 0.0004379896 0.0003454963 0.0003825495
-19.9 0.0004376216 0.0003455199 0.0003825704
-19.8 0.0004372575 0.0003455434 0.0003825914
-19.7 0.0004368933 0.0003455669 0.0003826124
-19.6 0.0004365292 0.0003455904 0.0003826336
-19.5 0.0004361651 0.0003456139 0.0003826548
-19.4 0.0004358009 0.0003456375 0.000382676
-19.3 0.0004354368 0.000345661 0.0003826973
-19.2 0.0004350726 0.0003456845 0.0003827185
-19.1 0.0004347085 0.000345708 0.0003827397
-19.0 0.0004343444 0.0003457315 0.0003827609
-18.9 0.0004339802 0.000345755 0.0003827822
-18.8 0.0004336161 0.0003457786 0.0003828034
-18.7 0.0004332519 0.0003458021 0.0003828246
-18.6 0.0004328878 0.0003458256 0.0003828459
-18.5 0.0004325237 0.0003458491 0.0003828671
-18.4 0.0004321595 0.0003458726 0.0003828883
-18.3 0.0004317954 0.0003458961 0.0003829095
-18.2 0.0004314312 0.0003459196 0.0003829308
-18.1 0.0004310671 0.0003459432 0.000382952
-18.0 0.000430703 0.0003459667 0.0003829731
-17.9 0.0004303389 0.0003459902 0.000382994
-17.8 0.0004299747 0.0003460137 0.000383015
-17.7 0.0004296106 0.0003460373 0.0003830359
-17.6 0.0004292465 0.0003460608 0.0003830569
-17.5 0.0004288823 0.0003460843 0.0003830779
-17.4 0.0004285182 0.0003461078 0.0003830988
-17.3 0.0004281541 0.0003461313 0.0003831198
-17.2 0.0004277899 0.0003461549 0.0003831408
-17.1 0.0004274258 0.0003461784 0.0003831617
-17.0 0.0004270617 0.0003462019 0.0003831827
-16.9 0.0004266976 0.0003462254 0.0003832036
-16.8 0.0004263334 0.000346249 0.0003832246
-16.7 0.0004259693 0.0003462725 0.0003832456
-16.6 0.0004256052 0.000346296 0.0003832665
-16.5 0.0004252411 0.0003463195 0.0003832875
-16.4 0.0004248769 0.0003463432 0.0003833085
-16.3 0.0004245128 0.000346367 0.0003833294
-16.2 0.0004241487 0.0003463908 0.0003833504
-16.1 0.0004237846 0.0003464146 0.0003833713
-16.0 0.0004234204 0.0003464385 0.0003833923
-15.9 0.0004230563 0.0003464623 0.0003834132
-15.8 0.0004226922 0.0003464861 0.0003834342
-15.7 0.0004223281 0.0003465099 0.0003834551
-15.6 0.000421964 0.0003465337 0.0003834761
-15.5 0.0004215998 0.0003465575 0.000383497
-15.4 0.0004212357 0.0003465813 0.000383518
-15.3 0.0004208716 0.0003466051 0.0003835389
-15.2 0.0004205075 0.0003466289 0.0003835599
-15.1 0.0004201434 0.0003466527 0.0003835808
-15.0 0.0004197792 0.0003466765 0.0003836018
-14.9 0.0004194151 0.0003467004 0.0003836227
-14.8 0.000419051 0.0003467241 0.0003836437
-14.7 0.0004186869 0.0003467476 0.0003836646
-14.6 0.0004183228 0.0003467711 0.0003836856
-14.5 0.0004179587 0.0003467947 0.0003837065
-14.4 0.0004175946 0.0003468182 0.0003837275
-14.3 0.0004172305 0.0003468417 0.0003837485
