nexoclom2/data/gvalues/S.ecsv
# %ECSV 1.0
# ---
# datatype:
# - {name: velocity, unit: km / s, datatype: float64}
# - {name: '1807.31', unit: 1 / s, datatype: float64}
# - {name: '1820.34', unit: 1 / s, datatype: float64}
# - {name: '1826.25', unit: 1 / s, datatype: float64}
# meta: !!omap
# - wavelengths: !!python/tuple
#   - !astropy.units.Quantity
#     unit: &id001 !astropy.units.Unit {unit: Angstrom}
#     value: 1807.31
#   - !astropy.units.Quantity
#     unit: *id001
#     value: 1820.34
#   - !astropy.units.Quantity
#     unit: *id001
#     value: 1826.25
# - __serialized_columns__:
#     '1807.31':
#       __class__: astropy.units.quantity.Quantity
#       unit: !astropy.units.Unit {unit: 1 / s}
#       value: !astropy.table.SerializedColumn {name: '1807.31'}
#     '1820.34':
#       __class__: astropy.units.quantity.Quantity
#       unit: !astropy.units.Unit {unit: 1 / s}
#       value: !astropy.table.SerializedColumn {name: '1820.34'}
#     '1826.25':
#       __class__: astropy.units.quantity.Quantity
#       unit: !astropy.units.Unit {unit: 1 / s}
#       value: !astropy.table.SerializedColumn {name: '1826.25'}
#     velocity:
#       __class__: astropy.units.quantity.Quantity
#       unit: !astropy.units.Unit {unit: km / s}
#       value: !astropy.table.SerializedColumn {name: velocity}
# schema: astropy-2.0
velocity 1807.31 1820.34 1826.25
[from data line 727]
22.7 0.0003674273 0.0003568239 0.0003952147
22.8 0.000367317 0.0003568519 0.0003952719
22.9 0.0003672066 0.0003568799 0.0003953292
23.0 0.0003670963 0.0003569079 0.0003953862
23.1 0.0003669859 0.0003569359 0.0003954428
23.2 0.0003668755 0.0003569639 0.0003954993
23.3 0.0003667652 0.0003569919 0.0003955559
23.4 0.0003666548 0.0003570198 0.0003956124
23.5 0.0003665444 0.0003570478 0.000395669
23.6 0.0003664341 0.0003570758 0.0003957255
23.7 0.0003663237 0.0003571038 0.0003957821
23.8 0.0003662133 0.0003571318 0.0003958386
23.9 0.000366103 0.0003571597 0.0003958951
24.0 0.0003659926 0.0003571877 0.0003959517
24.1 0.0003658822 0.0003572157 0.0003960082
24.2 0.0003657719 0.0003572437 0.0003960648
24.3 0.0003656615 0.0003572717 0.0003961213
24.4 0.0003655511 0.0003572997 0.0003961779
24.5 0.0003654408 0.0003573276 0.0003962344
24.6 0.0003653304 0.0003573556 0.000396291
24.7 0.00036522 0.0003573836 0.0003963475
24.8 0.0003651097 0.0003574119 0.000396404
24.9 0.0003649993 0.0003574402 0.0003964606
25.0 0.0003648889 0.0003574686 0.0003965171
25.1 0.0003647786 0.0003574969 0.0003965737
25.2 0.0003646682 0.0003575253 0.0003966302
25.3 0.0003645579 0.0003575536 0.0003966867
25.4 0.0003644475 0.000357582 0.0003967433
25.5 0.0003643372 0.0003576103 0.0003967998
25.6 0.0003642268 0.0003576386 0.0003968563
25.7 0.0003641165 0.000357667 0.0003969129
25.8 0.0003640061 0.0003576953 0.0003969694
25.9 0.0003638958 0.0003577237 0.0003970259
26.0 0.0003637854 0.000357752 0.0003970825
26.1 0.0003636751 0.0003577804 0.000397139
26.2 0.0003635647 0.0003578087 0.0003971956
26.3 0.0003634544 0.000357837 0.0003972521
26.4 0.000363344 0.0003578652 0.0003973086
26.5 0.0003632337 0.0003578932 0.0003973652
26.6 0.0003631233 0.0003579211 0.0003974217
26.7 0.000363013 0.0003579491 0.0003974783
26.8 0.0003629026 0.0003579771 0.0003975348
26.9 0.0003627923 0.0003580051 0.0003975914
27.0 0.0003626819 0.0003580331 0.0003976479
27.1 0.0003625716 0.000358061 0.0003977044
27.2 0.0003624613 0.000358089 0.000397761
27.3 0.0003623509 0.000358117 0.0003978175
27.4 0.0003622406 0.000358145 0.0003978741
27.5 0.0003621302 0.000358173 0.0003979306
27.6 0.0003620199 0.0003582009 0.0003979871
27.7 0.0003619095 0.0003582289 0.0003980437
27.8 0.0003617992 0.0003582569 0.0003981002
27.9 0.0003616888 0.0003582849 0.0003981568
28.0 0.0003615785 0.0003583129 0.0003982133
28.1 0.0003614682 0.0003583408 0.0003982699
28.2 0.0003613578 0.0003583688 0.0003983264
28.3 0.0003612475 0.0003583968 0.0003983829
28.4 0.0003611371 0.0003584248 0.0003984395
28.5 0.0003610268 0.0003584528 0.000398496
28.6 0.0003609164 0.0003584808 0.0003985525
28.7 0.0003608061 0.0003585087 0.0003986091
28.8 0.0003606957 0.0003585367 0.0003986656
28.9 0.0003605854 0.0003585647 0.0003987222
29.0 0.000360475 0.0003585927 0.0003987787
29.1 0.0003603647 0.0003586207 0.0003988352
29.2 0.0003602543 0.0003586486 0.0003988918
29.3 0.000360144 0.0003586766 0.0003989483
29.4 0.0003600336 0.0003587046 0.0003990049
29.5 0.0003599233 0.0003587326 0.0003990614
29.6 0.0003598129 0.0003587606 0.0003991179
29.7 0.0003597026 0.0003587886 0.0003991745
29.8 0.0003595922 0.0003588165 0.000399231
29.9 0.0003594949 0.0003588445 0.0003992875
30.0 0.0003594153 0.0003588725 0.0003993441
30.1 0.0003593358 0.0003589005 0.0003994006
30.2 0.0003592562 0.0003589285 0.0003994571
30.3 0.0003591767 0.0003589565 0.0003995137
30.4 0.0003590971 0.0003589845 0.0003995702
30.5 0.0003590176 0.0003590125 0.0003996268
30.6 0.000358938 0.0003590404 0.0003996833
30.7 0.0003588585 0.0003590684 0.0003997398
30.8 0.0003587789 0.0003590964 0.0003997964
30.9 0.0003586994 0.0003591244 0.0003998529
31.0 0.0003586198 0.0003591524 0.0003999094
31.1 0.0003585403 0.0003591804 0.000399966
31.2 0.0003584607 0.0003592084 0.0004000225
31.3 0.0003583812 0.0003592363 0.000400079
31.4 0.0003583016 0.0003592643 0.0004001356
31.5 0.0003582221 0.0003592923 0.0004001921
31.6 0.0003581683 0.0003593203 0.0004002486
31.7 0.0003581203 0.0003593483 0.0004003052
31.8 0.0003580723 0.0003593762 0.0004003617
31.9 0.0003580243 0.0003594042 0.0004004182
32.0 0.0003579764 0.0003594322 0.0004004748
32.1 0.0003579284 0.0003594602 0.0004005313
32.2 0.0003578804 0.0003594882 0.0004005878
32.3 0.0003578324 0.0003595161 0.0004006444
32.4 0.0003577844 0.0003595441 0.0004007009
32.5 0.0003577364 0.0003595721 0.0004007574
32.6 0.0003576885 0.0003596001 0.000400814
32.7 0.0003576405 0.000359628 0.0004008705
32.8 0.0003575925 0.000359656 0.000400927
32.9 0.0003575445 0.000359684 0.0004009836
33.0 0.0003574965 0.000359712 0.0004010401
33.1 0.0003574485 0.00035974 0.0004010966
33.2 0.0003574006 0.000359768 0.0004011532
33.3 0.0003573526 0.0003597959 0.0004012097
33.4 0.0003573046 0.0003598239 0.0004012662
33.5 0.0003572566 0.0003598519 0.0004013228
33.6 0.0003572086 0.0003598799 0.0004013793
33.7 0.0003571606 0.0003599079 0.0004014358
33.8 0.0003571127 0.0003599359 0.0004014924
33.9 0.0003570647 0.0003599639 0.0004015489
34.0 0.0003570167 0.0003599918 0.0004016054
34.1 0.0003569687 0.0003600198 0.000401662
34.2 0.0003569207 0.0003600478 0.0004017185
34.3 0.0003568728 0.0003600758 0.000401775
34.4 0.0003568248 0.0003601038 0.0004018316
34.5 0.0003567768 0.0003601318 0.0004018881
34.6 0.0003567288 0.0003601591 0.0004019446
34.7 0.0003566808 0.0003601828 0.0004020012
34.8 0.0003566328 0.0003602065 0.0004020577
34.9 0.0003565849 0.0003602303 0.0004021142
35.0 0.0003565369 0.000360254 0.0004021707
35.1 0.0003564889 0.0003602777 0.0004022273
35.2 0.0003564409 0.0003603014 0.0004022838
35.3 0.0003563929 0.0003603251 0.0004023403
35.4 0.0003563449 0.0003603488 0.0004023969
35.5 0.0003562969 0.0003603725 0.0004024534
35.6 0.0003562489 0.0003603963 0.0004025099
35.7 0.0003562009 0.00036042 0.0004025664
35.8 0.0003561529 0.0003604437 0.000402623
35.9 0.0003561049 0.0003604674 0.0004026795
36.0 0.0003560569 0.0003604911 0.000402736
36.1 0.0003560089 0.0003605148 0.0004027926
36.2 0.0003559609 0.0003605385 0.0004028491
36.3 0.000355913 0.0003605594 0.0004029056
36.4 0.000355865 0.0003605788 0.0004029622
36.5 0.000355817 0.0003605982 0.0004030187
36.6 0.000355769 0.0003606176 0.0004030753
36.7 0.000355721 0.000360637 0.0004031318
36.8 0.000355673 0.0003606564 0.0004031883
36.9 0.000355625 0.0003606758 0.0004032449
37.0 0.0003555771 0.0003606952 0.0004033014
37.1 0.0003555291 0.0003607146 0.000403358
37.2 0.0003554811 0.0003607339 0.0004034145
37.3 0.0003554331 0.0003607533 0.000403471
37.4 0.0003553851 0.0003607727 0.0004035276
37.5 0.0003553372 0.0003607921 0.0004035841
37.6 0.0003552892 0.0003608115 0.0004036407
37.7 0.0003552412 0.0003608309 0.0004036972
37.8 0.0003551932 0.0003608503 0.0004037537
37.9 0.0003551452 0.0003608697 0.0004038103
38.0 0.0003550973 0.0003608891 0.0004038668
38.1 0.0003550493 0.0003609085 0.0004039233
38.2 0.0003550013 0.0003609279 0.0004039798
38.3 0.0003549533 0.0003609473 0.0004040364
38.4 0.0003549053 0.0003609667 0.0004040929
38.5 0.0003548574 0.0003609861 0.0004041494
38.6 0.0003548094 0.0003610055 0.0004042059
38.7 0.0003547614 0.0003610249 0.0004042625
38.8 0.0003547134 0.0003610443 0.000404319
38.9 0.0003546655 0.0003610636 0.0004043755
39.0 0.0003546175 0.000361083 0.0004044321
39.1 0.0003545695 0.0003611024 0.0004044886
39.2 0.0003545215 0.0003611218 0.0004045451
39.3 0.0003544735 0.0003611412 0.0004046016
39.4 0.0003544256 0.0003611606 0.0004046582
39.5 0.0003543776 0.00036118 0.0004047147
39.6 0.0003543296 0.0003611994 0.0004047712
39.7 0.0003542816 0.0003612188 0.0004048277
39.8 0.0003542337 0.0003612382 0.0004048843
39.9 0.0003541852 0.0003612576 0.0004049408
40.0 0.0003541367 0.000361277 0.0004049973
40.1 0.0003540881 0.0003612964 0.0004050538
40.2 0.0003540395 0.0003613158 0.0004051103
40.3 0.000353991 0.0003613351 0.0004051669
40.4 0.0003539424 0.0003613545 0.0004052234
40.5 0.0003538938 0.0003613739 0.0004052799
40.6 0.0003538453 0.0003613933 0.0004053364
40.7 0.0003537967 0.0003614127 0.000405393
40.8 0.0003537482 0.0003614321 0.0004054495
40.9 0.0003536996 0.0003614515 0.000405506
41.0 0.000353651 0.0003614709 0.0004055625
41.1 0.0003536025 0.0003614903 0.000405619
41.2 0.0003535539 0.0003615097 0.0004056756
41.3 0.0003535053 0.0003615291 0.0004057321
41.4 0.0003534568 0.0003615485 0.0004057886
41.5 0.0003534085 0.0003615679 0.0004058451
41.6 0.0003533605 0.0003615873 0.0004059017
41.7 0.0003533125 0.0003616067 0.0004059582
41.8 0.0003532645 0.0003616261 0.0004060147
41.9 0.0003532166 0.0003616455 0.0004060712
42.0 0.0003531686 0.0003616648 0.0004061278
42.1 0.0003531206 0.0003616842 0.0004061843
42.2 0.0003530726 0.0003617036 0.0004062408
42.3 0.0003530247 0.000361723 0.0004062973
42.4 0.0003529767 0.0003617424 0.0004063538
42.5 0.0003529287 0.0003617618 0.0004064104
42.6 0.0003528807 0.0003617812 0.0004064669
42.7 0.0003528328 0.0003618006 0.0004065235
42.8 0.0003527848 0.00036182 0.0004065807
42.9 0.0003527368 0.0003618394 0.0004066379
43.0 0.0003526889 0.0003618588 0.0004066951
43.1 0.0003526409 0.0003618782 0.0004067524
43.2 0.0003525929 0.0003618976 0.0004068096
43.3 0.0003525449 0.000361917 0.0004068668
43.4 0.000352497 0.0003619364 0.000406924
43.5 0.000352449 0.0003619558 0.0004069813
43.6 0.000352401 0.0003619752 0.0004070385
43.7 0.000352353 0.0003619946 0.0004070957
43.8 0.0003523051 0.000362014 0.000407153
43.9 0.0003522571 0.0003620334 0.0004072102
44.0 0.0003522091 0.0003620528 0.0004072674
44.1 0.0003521612 0.0003620722 0.0004073246
44.2 0.0003521132 0.0003620916 0.0004073819
44.3 0.0003520652 0.000362111 0.0004074391
44.4 0.0003520172 0.0003621303 0.0004074957
44.5 0.0003519693 0.0003621498 0.0004075522
44.6 0.0003519213 0.0003621694 0.0004076087
44.7 0.0003518733 0.0003621891 0.0004076653
44.8 0.0003518254 0.0003622087 0.0004077218
44.9 0.0003517774 0.0003622283 0.0004077783
45.0 0.0003517294 0.000362248 0.0004078348
45.1 0.0003516814 0.0003622676 0.0004078913
45.2 0.0003516334 0.0003622872 0.0004079479
45.3 0.0003515854 0.0003623069 0.0004080044
45.4 0.0003515375 0.0003623265 0.0004080609
45.5 0.0003514895 0.0003623461 0.0004081174
45.6 0.0003514415 0.0003623658 0.0004081739
45.7 0.0003513935 0.0003623854 0.0004082304
45.8 0.0003513455 0.000362405 0.000408287
45.9 0.0003512975 0.0003624247 0.0004083435
46.0 0.0003512496 0.0003624443 0.0004084
46.1 0.0003512016 0.000362464 0.0004084565
46.2 0.0003511536 0.0003624834 0.000408513
46.3 0.0003511056 0.0003625027 0.0004085696
46.4 0.0003510576 0.0003625221 0.0004086261
46.5 0.0003510097 0.0003625415 0.0004086826
46.6 0.0003509617 0.0003625609 0.0004087391
46.7 0.0003509137 0.0003625803 0.0004087956
46.8 0.0003508658 0.0003625997 0.0004088521
46.9 0.0003508178 0.0003626191 0.0004089087
47.0 0.0003507698 0.0003626385 0.0004089652
47.1 0.0003507218 0.0003626579 0.0004090217
47.2 0.0003506739 0.0003626773 0.0004090782
47.3 0.0003506259 0.0003626967 0.0004091347
47.4 0.0003505779 0.0003627161 0.0004091913
47.5 0.00035053 0.0003627355 0.0004092478
47.6 0.000350482 0.0003627549 0.0004093043
47.7 0.000350434 0.0003627743 0.0004093608
47.8 0.0003503861 0.0003627936 0.0004094173
47.9 0.0003503381 0.000362813 0.0004094738
48.0 0.0003502901 0.0003628324 0.0004095303
48.1 0.0003502421 0.0003628518 0.0004095868
48.2 0.0003501942 0.0003628712 0.0004096434
48.3 0.0003501462 0.0003628906 0.0004096999
48.4 0.0003500982 0.00036291 0.0004097564
48.5 0.0003500503 0.0003629294 0.0004098129
48.6 0.0003500023 0.0003629488 0.0004098694
48.7 0.0003499543 0.0003629682 0.0004099259
48.8 0.0003499064 0.0003629876 0.0004099824
48.9 0.0003498584 0.0003630069 0.0004100389
49.0 0.0003498104 0.0003630263 0.0004100954
49.1 0.0003497625 0.0003630457 0.0004101519
49.2 0.0003497145 0.0003630651 0.0004102084
49.3 0.0003496665 0.0003630845 0.000410265
49.4 0.0003496186 0.0003631039 0.0004103215
49.5 0.0003495706 0.0003631233 0.000410378
49.6 0.0003495226 0.0003631427 0.0004104345
49.7 0.0003494747 0.0003631621 0.000410491
49.8 0.0003494267 0.0003631815 0.0004105475
49.9 0.0003493787 0.0003632009 0.000410604
50.0 0.0003493308 0.0003632203 0.0004106605
