nexoclom2/data/gvalues/S.ecsv
# %ECSV 1.0
# ---
# datatype:
# - {name: velocity, unit: km / s, datatype: float64}
# - {name: '1807.31', unit: 1 / s, datatype: float64}
# - {name: '1820.34', unit: 1 / s, datatype: float64}
# - {name: '1826.25', unit: 1 / s, datatype: float64}
# meta: !!omap
# - wavelengths: !!python/tuple
#   - !astropy.units.Quantity
#     unit: &id001 !astropy.units.Unit {unit: Angstrom}
#     value: 1807.31
#   - !astropy.units.Quantity
#     unit: *id001
#     value: 1820.34
#   - !astropy.units.Quantity
#     unit: *id001
#     value: 1826.25
# - __serialized_columns__:
#     '1807.31':
#       __class__: astropy.units.quantity.Quantity
#       unit: !astropy.units.Unit {unit: 1 / s}
#       value: !astropy.table.SerializedColumn {name: '1807.31'}
#     '1820.34':
#       __class__: astropy.units.quantity.Quantity
#       unit: !astropy.units.Unit {unit: 1 / s}
#       value: !astropy.table.SerializedColumn {name: '1820.34'}
#     '1826.25':
#       __class__: astropy.units.quantity.Quantity
#       unit: !astropy.units.Unit {unit: 1 / s}
#       value: !astropy.table.SerializedColumn {name: '1826.25'}
#     velocity:
#       __class__: astropy.units.quantity.Quantity
#       unit: !astropy.units.Unit {unit: km / s}
#       value: !astropy.table.SerializedColumn {name: velocity}
# schema: astropy-2.0
velocity 1807.31 1820.34 1826.25
[from data line 359]
-14.1 0.0004165023 0.0003468888 0.0003837904
-14.0 0.0004161382 0.0003469123 0.0003838114
-13.9 0.0004157741 0.0003469358 0.0003838323
-13.8 0.00041541 0.0003469594 0.0003838533
-13.7 0.0004150459 0.0003469829 0.0003838742
-13.6 0.0004146818 0.0003470064 0.0003838952
-13.5 0.0004143177 0.00034703 0.0003839162
-13.4 0.0004139536 0.0003470535 0.0003839371
-13.3 0.0004135894 0.000347077 0.0003839581
-13.2 0.0004132254 0.0003471005 0.0003839791
-13.1 0.0004128613 0.0003471241 0.000384
-13.0 0.0004124972 0.0003471476 0.000384021
-12.9 0.0004121331 0.0003471711 0.0003840419
-12.8 0.000411769 0.0003471946 0.0003840629
-12.7 0.0004114049 0.0003472181 0.0003840839
-12.6 0.0004110408 0.0003472416 0.0003841048
-12.5 0.0004106767 0.0003472651 0.0003841258
-12.4 0.0004103126 0.0003472887 0.0003841467
-12.3 0.0004099485 0.0003473122 0.0003841677
-12.2 0.0004095844 0.0003473357 0.0003841887
-12.1 0.0004092203 0.0003473592 0.0003842096
-12.0 0.0004088562 0.0003473827 0.0003842306
-11.9 0.0004084921 0.0003474062 0.0003842515
-11.8 0.000408128 0.0003474297 0.0003842725
-11.7 0.0004077639 0.0003474533 0.0003842935
-11.6 0.0004074158 0.0003474768 0.0003843144
-11.5 0.0004071793 0.0003475003 0.0003843354
-11.4 0.0004069428 0.0003475238 0.0003843563
-11.3 0.0004067064 0.0003475473 0.0003843773
-11.2 0.0004064699 0.0003475708 0.0003843983
-11.1 0.0004062334 0.0003475943 0.0003844192
-11.0 0.0004059969 0.0003476178 0.0003844402
-10.9 0.0004057604 0.0003476414 0.0003844612
-10.8 0.0004055239 0.0003476649 0.0003844821
-10.7 0.0004052875 0.0003476884 0.0003845031
-10.6 0.000405051 0.0003477119 0.0003845241
-10.5 0.0004048145 0.0003477354 0.000384545
-10.4 0.000404578 0.0003477589 0.000384566
-10.3 0.0004043415 0.0003477824 0.0003845869
-10.2 0.000404105 0.000347806 0.0003846079
-10.1 0.0004038685 0.0003478295 0.0003846289
-10.0 0.0004036321 0.000347853 0.0003846498
-9.9 0.0004034613 0.0003478765 0.0003846708
-9.8 0.0004033508 0.0003479 0.0003846918
-9.7 0.0004032404 0.0003479235 0.0003847127
-9.6 0.00040313 0.000347947 0.0003847336
-9.5 0.0004030196 0.0003479706 0.0003847546
-9.4 0.0004029091 0.0003479941 0.0003847755
-9.3 0.0004027987 0.0003480176 0.0003847965
-9.2 0.0004026883 0.0003480411 0.0003848174
-9.1 0.0004025779 0.0003480646 0.0003848384
-9.0 0.0004024674 0.0003480881 0.0003848593
-8.9 0.000402357 0.0003481117 0.0003848802
-8.8 0.0004022466 0.0003481352 0.0003849012
-8.7 0.0004021362 0.0003481587 0.0003849221
-8.6 0.0004020258 0.0003481822 0.0003849431
-8.5 0.0004019153 0.0003482057 0.000384964
-8.4 0.0004018049 0.0003482293 0.000384985
-8.3 0.0004016945 0.0003482528 0.0003850059
-8.2 0.000401584 0.0003482763 0.0003850268
-8.1 0.0004014736 0.0003482998 0.0003850478
-8.0 0.0004013632 0.0003483233 0.0003850688
-7.9 0.0004012527 0.0003483468 0.0003850897
-7.8 0.0004011423 0.0003483704 0.0003851107
-7.7 0.0004010319 0.0003483939 0.0003851317
-7.6 0.0004009214 0.0003484174 0.0003851526
-7.5 0.000400811 0.0003484409 0.0003851736
-7.4 0.0004007005 0.0003484645 0.0003851946
-7.3 0.0004005901 0.000348488 0.0003852155
-7.2 0.0004004797 0.0003485115 0.0003852365
-7.1 0.0004003692 0.000348535 0.0003852574
-7.0 0.0004002588 0.0003485585 0.0003852784
-6.9 0.0004001484 0.0003485821 0.0003852994
-6.8 0.0004000379 0.0003486056 0.0003853203
-6.7 0.0003999275 0.0003486291 0.0003853413
-6.6 0.000399817 0.0003486526 0.0003853623
-6.5 0.0003997066 0.0003486781 0.0003853832
-6.4 0.0003995962 0.0003487039 0.0003854042
-6.3 0.0003994858 0.0003487297 0.0003854251
-6.2 0.0003993753 0.0003487555 0.0003854461
-6.1 0.0003992649 0.0003487813 0.000385467
-6.0 0.0003991545 0.000348807 0.000385488
-5.9 0.0003990441 0.0003488328 0.0003855089
-5.8 0.0003989336 0.0003488586 0.0003855299
-5.7 0.0003988232 0.0003488844 0.0003855508
-5.6 0.0003987128 0.0003489101 0.0003855718
-5.5 0.0003986024 0.0003489359 0.0003855927
-5.4 0.0003984919 0.0003489617 0.0003856137
-5.3 0.0003983815 0.0003489875 0.0003856347
-5.2 0.0003982711 0.0003490133 0.0003856556
-5.1 0.0003981606 0.000349039 0.0003856766
-5.0 0.0003980502 0.0003490648 0.0003856975
-4.9 0.0003979398 0.0003490915 0.0003857185
-4.8 0.0003978294 0.0003491195 0.0003857394
-4.7 0.000397719 0.0003491475 0.0003857604
-4.6 0.0003976086 0.0003491755 0.0003857814
-4.5 0.0003974982 0.0003492035 0.0003858023
-4.4 0.0003973877 0.0003492315 0.0003858233
-4.3 0.0003972773 0.0003492595 0.0003858442
-4.2 0.0003971669 0.0003492875 0.0003858652
-4.1 0.0003970565 0.0003493156 0.0003858862
-4.0 0.0003969461 0.0003493436 0.0003859071
-3.9 0.0003968357 0.0003493716 0.0003859281
-3.8 0.0003967253 0.0003493996 0.0003859491
-3.7 0.0003966148 0.0003494276 0.00038597
-3.6 0.0003965044 0.0003494556 0.000385991
-3.5 0.000396394 0.0003494836 0.000386012
-3.4 0.0003962836 0.0003495116 0.0003860329
-3.3 0.0003961732 0.0003495396 0.0003860539
-3.2 0.0003960628 0.0003495676 0.0003860748
-3.1 0.0003959524 0.0003495956 0.0003860958
-3.0 0.0003958419 0.0003496236 0.0003861167
-2.9 0.0003957315 0.0003496516 0.0003861377
-2.8 0.0003956211 0.0003496796 0.0003861586
-2.7 0.0003955107 0.0003497076 0.0003861795
-2.6 0.0003954003 0.0003497356 0.0003862005
-2.5 0.0003952898 0.0003497636 0.0003862214
-2.4 0.0003951794 0.0003497916 0.0003862424
-2.3 0.000395069 0.0003498196 0.0003862633
-2.2 0.0003949586 0.0003498476 0.0003862843
-2.1 0.0003948482 0.0003498756 0.0003863052
-2.0 0.0003947377 0.0003499036 0.0003863261
-1.9 0.0003946273 0.0003499316 0.0003863471
-1.8 0.0003945169 0.0003499596 0.000386368
-1.7 0.0003944065 0.0003499876 0.000386389
-1.6 0.0003942954 0.0003500156 0.0003864099
-1.5 0.0003941836 0.0003500436 0.0003864309
-1.4 0.0003940718 0.0003500716 0.0003864518
-1.3 0.0003939601 0.0003500996 0.0003864728
-1.2 0.0003938483 0.0003501276 0.0003864938
-1.1 0.0003937365 0.0003501556 0.0003865147
-1.0 0.0003936247 0.0003501836 0.0003865357
-0.9 0.000393513 0.0003502117 0.0003865566
-0.8 0.0003934012 0.0003502397 0.0003865776
-0.7 0.0003932894 0.0003502677 0.0003865986
-0.6 0.0003931776 0.0003502957 0.0003866195
-0.5 0.0003930658 0.0003503237 0.0003866405
-0.4 0.0003929541 0.0003503517 0.0003866615
-0.3 0.0003928423 0.0003503797 0.0003866824
-0.2 0.0003927305 0.0003504077 0.0003867034
-0.1 0.0003926187 0.0003504357 0.0003867243
0.0 0.0003925071 0.0003504637 0.0003867453
0.1 0.0003923967 0.0003504917 0.0003867663
0.2 0.0003922863 0.0003505197 0.0003867872
0.3 0.0003921759 0.0003505477 0.0003868082
0.4 0.0003920655 0.0003505757 0.0003868291
0.5 0.0003919551 0.0003506037 0.0003868501
0.6 0.0003918447 0.0003506317 0.000386871
0.7 0.0003917343 0.0003506597 0.000386892
0.8 0.0003916239 0.0003506877 0.0003869129
0.9 0.0003915134 0.0003507157 0.0003869339
1.0 0.000391403 0.0003507437 0.0003869548
1.1 0.0003912926 0.0003507717 0.0003869758
1.2 0.0003911822 0.0003507996 0.0003869967
1.3 0.0003910718 0.0003508276 0.0003870177
1.4 0.0003909614 0.0003508556 0.0003870386
1.5 0.000390851 0.0003508836 0.0003870596
1.6 0.0003907406 0.0003509116 0.0003870805
1.7 0.0003906302 0.0003509396 0.0003871016
1.8 0.0003905198 0.0003509676 0.0003871228
1.9 0.0003904094 0.0003509956 0.0003871441
2.0 0.000390299 0.0003510237 0.0003871653
2.1 0.0003901886 0.0003510517 0.0003871865
2.2 0.0003900782 0.0003510797 0.0003872077
2.3 0.0003899678 0.0003511077 0.0003872289
2.4 0.0003898574 0.0003511357 0.0003872502
2.5 0.000389747 0.0003511637 0.0003872714
2.6 0.0003896366 0.0003511917 0.0003872926
2.7 0.0003895262 0.0003512197 0.0003873138
2.8 0.0003894158 0.0003512477 0.0003873351
2.9 0.0003893054 0.0003512757 0.0003873563
3.0 0.000389195 0.0003513037 0.0003873775
3.1 0.0003890846 0.0003513317 0.0003873987
3.2 0.0003889742 0.0003513597 0.0003874199
3.3 0.0003888638 0.0003513877 0.0003874411
3.4 0.0003887534 0.0003514161 0.000387462
3.5 0.000388643 0.0003514444 0.000387483
3.6 0.0003885326 0.0003514728 0.0003875039
3.7 0.0003884222 0.0003515011 0.0003875249
3.8 0.0003883118 0.0003515294 0.0003875458
3.9 0.0003882014 0.0003515578 0.0003875668
4.0 0.000388091 0.0003515861 0.0003875877
4.1 0.0003879806 0.0003516145 0.0003876087
4.2 0.0003878702 0.0003516428 0.0003876296
4.3 0.0003877598 0.0003516711 0.0003876505
4.4 0.0003876494 0.0003516995 0.0003876715
4.5 0.000387539 0.0003517278 0.0003876924
4.6 0.0003874286 0.0003517562 0.0003877134
4.7 0.0003873182 0.0003517845 0.0003877343
4.8 0.0003872078 0.0003518129 0.0003877553
4.9 0.0003870974 0.0003518412 0.0003877762
5.0 0.000386987 0.0003518693 0.0003877972
5.1 0.0003868766 0.0003518973 0.0003878181
5.2 0.0003867662 0.0003519253 0.0003878391
5.3 0.0003866558 0.0003519533 0.00038786
5.4 0.0003865454 0.0003519813 0.000387881
5.5 0.000386435 0.0003520092 0.000387902
5.6 0.0003863246 0.0003520372 0.0003879229
5.7 0.0003862141 0.0003520652 0.0003879439
5.8 0.0003861037 0.0003520932 0.0003879648
5.9 0.0003859933 0.0003521212 0.0003879858
6.0 0.0003858829 0.0003521492 0.0003880067
6.1 0.0003857725 0.0003521772 0.0003880277
6.2 0.0003856621 0.0003522052 0.0003880487
6.3 0.0003855517 0.0003522332 0.0003880696
6.4 0.0003854413 0.0003522612 0.0003880906
6.5 0.0003853309 0.0003522892 0.0003881115
6.6 0.0003852205 0.0003523171 0.0003881325
6.7 0.0003851101 0.0003523451 0.0003881534
6.8 0.0003849997 0.0003523731 0.0003881744
6.9 0.0003848893 0.0003524011 0.0003881953
7.0 0.0003847789 0.0003524292 0.0003882163
7.1 0.0003846685 0.0003524572 0.0003882372
7.2 0.0003845581 0.0003524852 0.0003882582
7.3 0.0003844477 0.0003525132 0.0003882791
7.4 0.0003843373 0.0003525412 0.0003883001
7.5 0.0003842269 0.0003525692 0.000388321
7.6 0.0003841166 0.0003525972 0.000388342
7.7 0.0003840062 0.0003526252 0.0003883629
7.8 0.0003838958 0.0003526532 0.0003883839
7.9 0.0003837854 0.0003526812 0.0003884048
8.0 0.000383675 0.0003527092 0.0003884258
8.1 0.0003835646 0.0003527372 0.0003884467
8.2 0.0003834542 0.0003527652 0.0003884677
8.3 0.0003833438 0.0003527932 0.0003884886
8.4 0.0003832334 0.0003528211 0.0003885096
8.5 0.0003831231 0.0003528491 0.0003885305
8.6 0.0003830127 0.0003528771 0.0003885515
8.7 0.0003829023 0.0003529051 0.0003885724
8.8 0.0003827919 0.0003529331 0.0003885934
8.9 0.0003826815 0.0003529611 0.0003886143
9.0 0.0003825711 0.0003529891 0.0003886353
9.1 0.0003824607 0.0003530171 0.0003886562
9.2 0.0003823503 0.0003530451 0.0003886772
9.3 0.00038224 0.0003530731 0.0003886981
9.4 0.0003821296 0.0003531011 0.0003887191
9.5 0.0003820192 0.000353129 0.00038874
9.6 0.0003819088 0.000353157 0.000388761
9.7 0.0003817984 0.000353185 0.0003887819
9.8 0.000381688 0.000353213 0.0003888029
9.9 0.0003815776 0.000353241 0.0003888238
10.0 0.0003814673 0.000353269 0.0003888448
10.1 0.0003813569 0.000353297 0.0003888657
10.2 0.0003812465 0.000353325 0.0003888867
10.3 0.0003811361 0.000353353 0.0003889076
10.4 0.0003810257 0.000353381 0.0003889285
10.5 0.0003809153 0.000353409 0.0003889495
10.6 0.0003808049 0.000353437 0.0003889704
10.7 0.0003806945 0.000353465 0.0003889914
10.8 0.0003805841 0.000353493 0.0003890123
10.9 0.0003804738 0.000353521 0.0003890333
11.0 0.0003803634 0.000353549 0.0003890542
11.1 0.000380253 0.000353577 0.0003890751
11.2 0.0003801426 0.000353605 0.0003890961
11.3 0.0003800322 0.000353633 0.000389117
11.4 0.0003799218 0.000353661 0.000389138
11.5 0.0003798114 0.000353689 0.0003891605
11.6 0.000379701 0.000353717 0.0003891994
11.7 0.0003795907 0.000353745 0.0003892383
11.8 0.0003794803 0.000353773 0.0003892771
11.9 0.0003793699 0.000353801 0.000389316
12.0 0.0003792595 0.000353829 0.0003893548
12.1 0.0003791491 0.0003538569 0.0003893937
12.2 0.0003790387 0.0003538849 0.0003894326
12.3 0.0003789283 0.0003539129 0.0003894714
12.4 0.0003788179 0.0003539409 0.0003895103
12.5 0.0003787076 0.0003539689 0.0003895491
12.6 0.0003785972 0.0003539969 0.000389588
12.7 0.0003784868 0.0003540249 0.0003896269
12.8 0.0003783764 0.0003540529 0.0003896657
12.9 0.000378266 0.0003540809 0.0003897046
13.0 0.0003781556 0.0003541088 0.0003897434
13.1 0.0003780452 0.0003541368 0.0003897823
13.2 0.0003779349 0.0003541648 0.0003898328
13.3 0.0003778245 0.0003541928 0.0003898894
13.4 0.0003777141 0.0003542208 0.000389946
13.5 0.0003776037 0.0003542488 0.0003900025
13.6 0.0003774933 0.0003542768 0.0003900591
13.7 0.000377383 0.0003543048 0.0003901157
13.8 0.0003772726 0.0003543328 0.0003901722
13.9 0.0003771622 0.0003543608 0.0003902288
14.0 0.0003770518 0.0003543888 0.0003902854
14.1 0.0003769414 0.0003544168 0.000390342
14.2 0.0003768311 0.0003544448 0.0003903985
14.3 0.0003767207 0.0003544728 0.0003904551
14.4 0.0003766103 0.0003545008 0.0003905117
14.5 0.0003764999 0.0003545288 0.0003905682
14.6 0.0003763895 0.0003545568 0.0003906248
14.7 0.0003762792 0.0003545848 0.0003906814
14.8 0.0003761688 0.0003546128 0.0003907379
14.9 0.0003760584 0.0003546408 0.0003907945
15.0 0.000375948 0.0003546688 0.000390851
15.1 0.0003758376 0.0003546968 0.0003909076
15.2 0.0003757273 0.0003547248 0.0003909641
15.3 0.0003756169 0.0003547528 0.0003910207
15.4 0.0003755065 0.0003547808 0.0003910772
15.5 0.0003753962 0.0003548087 0.0003911338
15.6 0.0003752858 0.0003548367 0.0003911903
15.7 0.0003751754 0.0003548647 0.0003912469
15.8 0.000375065 0.0003548927 0.0003913034
15.9 0.0003749547 0.0003549207 0.00039136
16.0 0.0003748443 0.0003549487 0.0003914165
16.1 0.0003747339 0.0003549767 0.0003914731
16.2 0.0003746235 0.0003550046 0.0003915297
16.3 0.0003745132 0.0003550326 0.0003915862
16.4 0.0003744028 0.0003550606 0.0003916428
16.5 0.0003742924 0.0003550886 0.0003916993
16.6 0.000374182 0.0003551166 0.0003917558
16.7 0.0003740717 0.0003551446 0.0003918124
16.8 0.0003739613 0.0003551726 0.0003918689
16.9 0.0003738509 0.0003552005 0.0003919255
17.0 0.0003737406 0.0003552285 0.000391982
17.1 0.0003736302 0.0003552565 0.0003920386
17.2 0.0003735198 0.0003552845 0.0003920951
17.3 0.0003734095 0.0003553125 0.0003921517
17.4 0.0003732991 0.0003553405 0.0003922082
17.5 0.0003731887 0.0003553685 0.0003922648
17.6 0.0003730783 0.0003553964 0.0003923213
17.7 0.000372968 0.0003554244 0.0003923779
17.8 0.0003728576 0.0003554524 0.0003924344
17.9 0.0003727472 0.0003554804 0.000392491
18.0 0.0003726369 0.0003555084 0.0003925475
18.1 0.0003725265 0.0003555364 0.0003926041
18.2 0.0003724161 0.0003555644 0.0003926606
18.3 0.0003723058 0.0003555924 0.0003927172
18.4 0.0003721954 0.0003556203 0.0003927737
18.5 0.000372085 0.0003556483 0.0003928303
18.6 0.0003719746 0.0003556763 0.0003928868
18.7 0.0003718642 0.0003557043 0.0003929434
18.8 0.0003717539 0.0003557323 0.0003929999
18.9 0.0003716435 0.0003557603 0.0003930565
19.0 0.0003715331 0.0003557883 0.000393113
19.1 0.0003714227 0.0003558163 0.0003931696
19.2 0.0003713124 0.0003558443 0.0003932261
19.3 0.000371202 0.0003558723 0.0003932827
19.4 0.0003710916 0.0003559003 0.0003933393
19.5 0.0003709812 0.0003559283 0.0003933958
19.6 0.0003708708 0.0003559563 0.0003934524
19.7 0.0003707605 0.0003559843 0.0003935089
19.8 0.0003706501 0.0003560123 0.0003935655
19.9 0.0003705397 0.0003560403 0.000393622
20.0 0.0003704282 0.0003560683 0.0003936785
20.1 0.0003703165 0.0003560962 0.0003937351
20.2 0.0003702048 0.0003561242 0.0003937916
20.3 0.000370093 0.0003561522 0.0003938482
20.4 0.0003699813 0.0003561802 0.0003939047
20.5 0.0003698696 0.0003562082 0.0003939613
20.6 0.0003697579 0.0003562361 0.0003940178
20.7 0.0003696462 0.0003562641 0.0003940744
20.8 0.0003695344 0.0003562921 0.0003941309
20.9 0.0003694227 0.0003563201 0.0003941874
21.0 0.000369311 0.0003563481 0.000394244
21.1 0.0003691993 0.0003563761 0.0003943005
21.2 0.0003690876 0.000356404 0.0003943571
21.3 0.0003689759 0.000356432 0.0003944136
21.4 0.0003688641 0.00035646 0.0003944705
21.5 0.0003687524 0.000356488 0.0003945278
21.6 0.0003686413 0.000356516 0.000394585
21.7 0.0003685309 0.000356544 0.0003946422
21.8 0.0003684206 0.000356572 0.0003946995
21.9 0.0003683102 0.0003566 0.0003947567
22.0 0.0003681999 0.000356628 0.000394814
22.1 0.0003680895 0.000356656 0.0003948712
22.2 0.0003679791 0.0003566839 0.0003949285
22.3 0.0003678688 0.0003567119 0.0003949857
22.4 0.0003677584 0.0003567399 0.000395043
22.5 0.0003676481 0.0003567679 0.0003951002
